# name: debug
# type: sparse matrix
# nnz: 5184
# rows: 72
# columns: 72

1 1 162.389247
2 1 -34.0485559
3 1 -96.2274973
4 1 -8917.13104
5 1 -59365.9219
6 1 18279.7501
7 1 -27.8139555
8 1 3.44824652
9 1 17.8977292
10 1 -278.935102
11 1 21490.144
12 1 -4013.2498
13 1 -19.8038558
14 1 3.08941522
15 1 11.8476433
16 1 669.709399
17 1 11015.2833
18 1 -4217.00142
19 1 -16.3173388
20 1 4.60056516
21 1 8.34899576
22 1 1908.46497
23 1 5811.14471
24 1 -3447.94366
25 1 -7.7070976
26 1 4.59875881
27 1 2.87211587
28 1 3246.30798
29 1 -1784.07894
30 1 -1768.43551
31 1 -5.83836376
32 1 6.07770431
33 1 2.70209535
34 1 1705.43154
35 1 -26.8299989
36 1 -1237.05088
37 1 -4.54880268
38 1 4.3569282
39 1 2.35152321
40 1 711.147273
41 1 -65.8480568
42 1 -1021.60186
43 1 -3.15467312
44 1 4.70861401
45 1 1.6851209
46 1 825.788078
47 1 -551.412078
48 1 -1211.5734
49 1 -2.67167864
50 1 2.25628323
51 1 1.75477076
52 1 156.767438
53 1 -37.2165673
54 1 -179.855861
55 1 -1.62754562
56 1 1.11543955
57 1 1.26211517
58 1 -0.442511931
59 1 -2.16575051
60 1 1.61677355
61 1 -1.91017479
62 1 1.10865147
63 1 1.42380325
64 1 -0.565444402
65 1 -0.81557132
66 1 1.49984371
67 1 -1.40682159
68 1 0.781809833
69 1 1.05301907
70 1 -0.517851637
71 1 -0.351551912
72 1 1.28620095
1 2 -34.0485559
2 2 529.786298
3 2 0.826619405
4 2 133738.728
5 2 8111.53834
6 2 -181654.504
7 2 4.67506098
8 2 -77.2007692
9 2 3.13961996
10 2 -28088.7674
11 2 -387.636197
12 2 40815.612
13 2 6.87980283
14 2 -70.8934036
15 2 3.87685493
16 2 -24214.5097
17 2 -1224.06751
18 2 33317.5975
19 2 8.49193342
20 2 -71.929342
21 2 4.96143526
22 2 -24944.5743
23 2 -640.404073
24 2 32576.2944
25 2 7.830909
26 2 -60.5590431
27 2 5.00670406
28 2 -19313.296
29 2 -37.1258487
30 2 23201.8831
31 2 7.54477326
32 2 -42.6179183
33 2 3.06540409
34 2 -8325.9312
35 2 -1091.15812
36 2 10395.6577
37 2 5.26014323
38 2 -25.519987
39 2 1.62742374
40 2 -3982.01127
41 2 -887.741204
42 2 4823.94085
43 2 5.07345821
44 2 -22.0251573
45 2 0.456041896
46 2 -3672.5575
47 2 -1633.17384
48 2 4133.26626
49 2 3.40666046
50 2 -13.2956913
51 2 1.46532236
52 2 -691.659703
53 2 -193.92506
54 2 984.915899
55 2 1.79477666
56 2 -7.42708742
57 2 1.03357156
58 2 5.24489165
59 2 0.383959055
60 2 -6.91132017
61 2 1.92651854
62 2 -7.82027385
63 2 1.14495398
64 2 2.3063346
65 2 0.471637284
66 2 -3.62369816
67 2 1.46973954
68 2 -5.95938756
69 2 0.867824116
70 2 1.09991121
71 2 0.401579078
72 2 -2.12490577
1 3 -96.2274973
2 3 0.826619405
3 3 122.857281
4 3 -4458.832
5 3 50253.2799
6 3 805.592694
7 3 18.0602975
8 3 2.09099
9 3 -23.304342
10 3 1561.52526
11 3 -17414.4407
12 3 743.451921
13 3 11.6804842
14 3 3.99997943
15 3 -16.7473123
16 3 3257.57961
17 3 -9127.03758
18 3 -1828.317
19 3 8.40731872
20 3 3.25610786
21 3 -13.5154637
22 3 2230.84376
23 3 -4846.25002
24 3 -2159.35321
25 3 3.2502099
26 3 1.5077763
27 3 -6.63650054
28 3 673.318274
29 3 1455.24173
30 3 -1833.67829
31 3 3.56994823
32 3 -1.93876158
33 3 -4.73782435
34 3 -896.511228
35 3 -143.953446
36 3 809.957958
37 3 3.03046717
38 3 -2.37086983
39 3 -3.52042724
40 3 -1192.10981
41 3 -150.319022
42 3 1246.91824
43 3 2.48752616
44 3 -4.128093
45 3 -2.9131297
46 3 -1960.99787
47 3 -67.1766197
48 3 2207.73028
49 3 2.16994144
50 3 -0.599698184
51 3 -2.39916107
52 3 -107.338723
53 3 59.8340714
54 3 105.977063
55 3 1.50092669
56 3 -0.300264953
57 3 -1.78230279
58 3 -0.414722593
59 3 2.49208863
60 3 -0.702130394
61 3 1.70132162
62 3 -0.442916356
63 3 -1.90854756
64 3 -0.472199433
65 3 1.04879644
66 3 -0.382842936
67 3 1.28212791
68 3 -0.444550369
69 3 -1.43922417
70 3 -0.438310803
71 3 0.46105759
72 3 -0.237333891
1 4 -8917.13104
2 4 133738.728
3 4 -4458.832
4 4 104178353
5 4 3188311.18
6 4 -115508494
7 4 311.561802
8 4 -27969.9025
9 4 1651.82523
10 4 -24628522.7
11 4 1514225.55
12 4 27216293.8
13 4 2651.85255
14 4 -24261.0238
15 4 2534.50728
16 4 -20128538.2
17 4 119340.962
18 4 22241411.2
19 4 3367.13746
20 4 -24883.3416
21 4 2319.61551
22 4 -20873795.6
23 4 -755481.769
24 4 23206719.1
25 4 3435.51723
26 4 -19089.4514
27 4 1892.95818
28 4 -14371964.6
29 4 -1652629.82
30 4 15977233.9
31 4 1564.08677
32 4 -8313.10001
33 4 96.9498624
34 4 -4249290.46
35 4 -944926.714
36 4 4434233.73
37 4 575.87136
38 4 -4131.03657
39 4 -470.751882
40 4 -2392724.94
41 4 -631592.836
42 4 2365968.8
43 4 530.176488
44 4 -4070.55302
45 4 -1064.97564
46 4 -2898803.44
47 4 -1271037.93
48 4 2877198.42
49 4 205.394356
50 4 -699.635422
51 4 -9.09080942
52 4 -176223.918
53 4 -52129.0279
54 4 256420.473
55 4 -1.13627233
56 4 5.02989453
57 4 -0.980577793
58 4 -3.97860495
59 4 0.0620092645
60 4 4.90734256
61 4 -0.902014196
62 4 2.39356362
63 4 -0.777197883
64 4 -6.76667836
65 4 -0.0323124588
66 4 7.89085947
67 4 -0.714523177
68 4 1.33975122
69 4 -0.644221893
70 4 -6.26826407
71 4 -0.137011596
72 4 7.27773729
1 5 -59365.9219
2 5 8111.53834
3 5 50253.2799
4 5 3188311.18
5 5 80229936.9
6 5 -7783945.8
7 5 21713.5248
8 5 -457.564242
9 5 -17348.0582
10 5 1919250.81
11 5 -33985370.2
12 5 3076235.01
13 5 11002.4474
14 5 860.814734
15 5 -9288.52182
16 5 2288821.77
17 5 -16105485.5
18 5 1525933.77
19 5 5929.2859
20 5 122.700755
21 5 -4856.4856
22 5 1625.53788
23 5 -7384916.81
24 5 138761.855
25 5 -1592.21915
26 5 -1260.14478
27 5 1707.93745
28 5 -3411601.71
29 5 5636292.54
30 5 -630920.129
31 5 172.006314
32 5 -2374.82799
33 5 112.162712
34 5 -1591996.74
35 5 -83981.4568
36 5 809852.562
37 5 62.0871354
38 5 -1906.27018
39 5 -60.4278006
40 5 -1102760.58
41 5 -21799.4884
42 5 1208716.91
43 5 -417.683408
44 5 -3019.64708
45 5 24.3982919
46 5 -1961846.2
47 5 298733.078
48 5 2380326.4
49 5 -4.67217586
50 5 -259.755288
51 5 89.089051
52 5 -71278.8702
53 5 17478.101
54 5 83261.9052
55 5 -2.46908405
56 5 1.09576518
57 5 2.40390277
58 5 0.0564841589
59 5 -3.92569634
60 5 1.98089101
61 5 -1.2665752
62 5 0.943625828
63 5 1.10524647
64 5 0.0539057537
65 5 -6.81044154
66 5 2.28115261
67 5 -0.838809777
68 5 0.774484613
69 5 0.597142369
70 5 0.0209928561
71 5 -6.31407136
72 5 2.08526621
1 6 18279.7501
2 6 -181654.504
3 6 805.592694
4 6 -115508494
5 6 -7783945.8
6 6 180520964
7 6 -4122.50686
8 6 41010.1337
9 6 70.7686594
10 6 27585516.5
11 6 2426813.54
12 6 -49558434.2
13 6 -5599.99019
14 6 33221.9885
15 6 -1121.99088
16 6 22059705.8
17 6 2906408.17
18 6 -35548945.6
19 6 -4580.97202
20 6 32624.3175
21 6 -2592.18607
22 6 23375691.4
23 6 186674.38
24 6 -33194282.1
25 6 -2339.92667
26 6 23337.5537
27 6 -3562.63603
28 6 16454864
29 6 -2282945.96
30 6 -18484913.9
31 6 -1375.21378
32 6 10438.7416
33 6 -609.480514
34 6 4481372.33
35 6 203893.93
36 6 -4755636.48
37 6 -947.618741
38 6 4740.51685
39 6 262.584066
40 6 2120209.72
41 6 663003.441
42 6 -2236337.73
43 6 -1021.40277
44 6 3989.74765
45 6 1093.81062
46 6 2382993.98
47 6 1660298.24
48 6 -2225454.85
49 6 -261.015834
50 6 957.649529
51 6 -10.0241305
52 6 246656.631
53 6 63621.4964
54 6 -353602.122
55 6 1.93453608
56 6 -6.68256188
57 6 0.778310916
58 6 4.94056334
59 6 0.78112709
60 6 -6.8614608
61 6 1.78996288
62 6 -3.74590765
63 6 0.451915036
64 6 7.92893692
65 6 0.147088267
66 6 -9.9580123
67 6 1.52469698
68 6 -2.41627965
69 6 0.329169691
70 6 7.28911297
71 6 0.0519248068
72 6 -9.09142146
1 7 -27.8139555
2 7 4.67506098
3 7 18.0602975
4 7 311.561802
5 7 21713.5248
6 7 -4122.50686
7 7 173.403699
8 7 -47.3538091
9 7 -102.938345
10 7 -8678.31764
11 7 -71002.4978
12 7 22878.1495
13 7 -26.0223571
14 7 4.64148264
15 7 16.6674913
16 7 256.44783
17 7 16654.9476
18 7 -3692.25572
19 7 -21.369871
20 7 7.55950044
21 7 11.6981009
22 7 2140.40778
23 7 12095.9987
24 7 -6078.27677
25 7 -13.3750026
26 7 6.34274218
27 7 7.47280934
28 7 2404.52058
29 7 5471.84538
30 7 -3952.86014
31 7 -9.16708109
32 7 6.58772395
33 7 5.29708008
34 7 1171.42063
35 7 1950.23898
36 7 -1388.04102
37 7 -6.63880259
38 7 6.37888426
39 7 3.82652249
40 7 776.819681
41 7 722.72395
42 7 -947.953216
43 7 -4.46054995
44 7 5.38097276
45 7 2.50398069
46 7 810.995489
47 7 138.167751
48 7 -864.253137
49 7 -2.6306336
50 7 2.16622971
51 7 1.78245384
52 7 68.7826339
53 7 8.08691963
54 7 -84.2515132
55 7 -1.82595545
56 7 1.40128484
57 7 1.35957624
58 7 -0.599500005
59 7 -2.36514697
60 7 1.90970703
61 7 -2.11585523
62 7 1.41216692
63 7 1.51405052
64 7 -0.651498885
65 7 -1.02024059
66 7 1.71633482
67 7 -1.45586166
68 7 0.936686698
69 7 1.04268653
70 7 -0.544411264
71 7 -0.403632338
72 7 1.36045617
1 8 3.44824652
2 8 -77.2007692
3 8 2.09099
4 8 -27969.9025
5 8 -457.564242
6 8 41010.1337
7 8 -47.3538091
8 8 540.395314
9 8 -1.87509636
10 8 135609.639
11 8 9937.75394
12 8 -186831.365
13 8 7.30090338
14 8 -84.4114108
15 8 4.51963386
16 8 -28725.3272
17 8 -339.538225
18 8 40814.4744
19 8 9.85747823
20 8 -69.3069311
21 8 4.06732923
22 8 -23670.0828
23 8 -1725.37162
24 8 32958.6263
25 8 9.18009273
26 8 -61.3280145
27 8 4.04322556
28 8 -19160.1942
29 8 -1049.63495
30 8 24857.2835
31 8 8.49150435
32 8 -46.4490691
33 8 2.26147742
34 8 -8236.4506
35 8 -1322.04494
36 8 10510.9327
37 8 7.29657948
38 8 -34.2047042
39 8 1.33723864
40 8 -4853.03037
41 8 -1082.11482
42 8 6279.01906
43 8 5.76510098
44 8 -25.1536249
45 8 -0.239049727
46 8 -5312.43315
47 8 -2264.87285
48 8 6042.56188
49 8 3.00830241
50 8 -11.106272
51 8 1.27468376
52 8 -212.886761
53 8 -78.5867087
54 8 279.579196
55 8 2.02343823
56 8 -7.95384791
57 8 1.01334822
58 8 5.57033474
59 8 0.561720812
60 8 -7.351413
61 8 2.17335853
62 8 -8.33923132
63 8 1.12523705
64 8 2.64144632
65 8 0.582503256
66 8 -4.0670669
67 8 1.55003277
68 8 -5.99000762
69 8 0.791539691
70 8 1.12828364
71 8 0.44601536
72 8 -2.20619578
1 9 17.8977292
2 9 3.13961996
3 9 -23.304342
4 9 1651.82523
5 9 -17348.0582
6 9 70.7686594
7 9 -102.938345
8 9 -1.87509636
9 9 131.027629
10 9 -4905.6316
11 9 58691.9307
12 9 -1259.4363
13 9 16.6775225
14 9 5.18068381
15 9 -22.6162658
16 9 3125.8272
17 9 -14252.3482
18 9 -1690.5699
19 9 11.891408
20 9 2.7515973
21 9 -16.7144185
22 9 2419.21093
23 9 -9605.00876
24 9 -621.389562
25 9 7.80685192
26 9 1.88246036
27 9 -11.6510898
28 9 1547.20588
29 9 -4447.17529
30 9 -875.601585
31 9 5.93438001
32 9 -1.32471448
33 9 -7.82416839
34 9 -460.241013
35 9 -1561.98704
36 9 743.020343
37 9 4.65299032
38 9 -3.22338494
39 9 -5.43851627
40 9 -1324.41125
41 9 -664.784571
42 9 1444.87258
43 9 3.39283984
44 9 -4.6165322
45 9 -4.17813995
46 9 -2848.01604
47 9 -961.444555
48 9 2973.25478
49 9 2.104624
50 9 -0.252957742
51 9 -2.44191332
52 9 -26.1640612
53 9 8.66870711
54 9 22.7501295
55 9 1.61110591
56 9 -0.250227576
57 9 -1.92248444
58 9 -0.491066864
59 9 2.65929935
60 9 -0.693198867
61 9 1.81023834
62 9 -0.39323639
63 9 -2.04721026
64 9 -0.51999052
65 9 1.21986311
66 9 -0.409070065
67 9 1.27315863
68 9 -0.400727261
69 9 -1.44735607
70 9 -0.445754984
71 9 0.479051114
72 9 -0.23393889
1 10 -278.935102
2 10 -28088.7674
3 10 1561.52526
4 10 -24628522.7
5 10 1919250.81
6 10 27585516.5
7 10 -8678.31764
8 10 135609.639
9 10 -4905.6316
10 10 109087251
11 10 2149486.93
12 10 -120821977
13 10 1576.37343
14 10 -28604.413
15 10 2458.32453
16 10 -23829460.8
17 10 706294.233
18 10 27224815.4
19 10 3023.22908
20 10 -23578.9161
21 10 2508.87178
22 10 -20603386.9
23 10 -240879.866
24 10 22706529.4
25 10 3047.46138
26 10 -19007.3991
27 10 2054.65601
28 10 -14692436.6
29 10 -892184.911
30 10 15872452.4
31 10 1428.69124
32 10 -8246.62511
33 10 54.0228575
34 10 -4242455.74
35 10 -827051.825
36 10 4300273.95
37 10 736.090487
38 10 -4946.9712
39 10 -574.896426
40 10 -2573969.66
41 10 -664311.702
42 10 2675060.72
43 10 600.134199
44 10 -5805.02771
45 10 -1933.69008
46 10 -5029645.09
47 10 -2289183.12
48 10 5193199.47
49 10 85.5032412
50 10 -214.447811
51 10 -1.22117662
52 10 -43267.2629
53 10 -16809.1264
54 10 57543.0444
55 10 -1.23151818
56 10 5.36464152
57 10 -1.02951402
58 10 -4.20657712
59 10 0.0293157989
60 10 5.17338195
61 10 -0.997995852
62 10 2.74028469
63 10 -0.836257089
64 10 -6.95199805
65 10 -0.0816024321
66 10 8.11367472
67 10 -0.731018454
68 10 1.37928729
69 10 -0.64094251
70 10 -6.24529493
71 10 -0.178726237
72 10 7.27060108
1 11 21490.144
2 11 -387.636197
3 11 -17414.4407
4 11 1514225.55
5 11 -33985370.2
6 11 2426813.54
7 11 -71002.4978
8 11 9937.75394
9 11 58691.9307
10 11 2149486.93
11 11 101652560
12 11 -12281369.7
13 11 16810.8081
14 11 1288.92197
15 11 -14248.9071
16 11 2202209.87
17 11 -24772818
18 11 770703.057
19 11 12328.5535
20 11 -1531.62583
21 11 -9587.24579
22 11 150238.741
23 11 -17510061.4
24 11 3566796.43
25 11 5744.41805
26 11 -1442.35173
27 11 -4332.70847
28 11 -1377779.55
29 11 -6349355.18
30 11 1989280.87
31 11 2126.70218
32 11 -1875.35907
33 11 -1417.14582
34 11 -947359.759
35 11 -2014154.34
36 11 573276.081
37 11 907.558013
38 11 -2210.19959
39 11 -524.128402
40 11 -937736.258
41 11 -1018349.38
42 11 614051.951
43 11 297.233093
44 11 -3790.77833
45 11 -823.174375
46 11 -3000005.4
47 11 -1284081.76
48 11 2986654.08
49 11 18.9048888
50 11 -90.7757789
51 11 18.1251732
52 11 -19878.3635
53 11 -411.351914
54 11 22573.78
55 11 -2.67546829
56 11 1.24258021
57 11 2.56347296
58 11 0.00513779063
59 11 -4.17314765
60 11 2.16647332
61 11 -1.48065163
62 11 1.06158916
63 11 1.27424637
64 11 -0.040168745
65 11 -7.00881424
66 11 2.51249297
67 11 -0.878057659
68 11 0.806228617
69 11 0.614022073
70 11 -0.0679128723
71 11 -6.30193271
72 11 2.20803769
1 12 -4013.2498
2 12 40815.612
3 12 743.451921
4 12 27216293.8
5 12 3076235.01
6 12 -49558434.2
7 12 22878.1495
8 12 -186831.365
9 12 -1259.4363
10 12 -120821977
11 12 -12281369.7
12 12 196022069
13 12 -4658.90897
14 12 40933.3571
15 12 -1086.48769
16 12 27525284
17 12 1747964.7
18 12 -46131345
19 12 -6515.61283
20 12 33015.3894
21 12 -1282.85573
22 12 22892579
23 12 2906171.27
24 12 -37510780.9
25 12 -4393.68371
26 12 24936.4754
27 12 -2086.00169
28 12 16183610.4
29 12 684767.378
30 12 -23037086.8
31 12 -1584.20846
32 12 10539.7928
33 12 -138.903572
34 12 4381709.18
35 12 228791.741
36 12 -5601713.43
37 12 -789.44853
38 12 6277.0997
39 12 342.511247
40 12 2659849.57
41 12 82883.5222
42 12 -3411614.74
43 12 -622.239208
44 12 6049.91219
45 12 1672.44688
46 12 4688538.17
47 12 1924839.08
48 12 -5018281.16
49 12 -103.732182
50 12 266.187318
51 12 -6.09948063
52 12 54549.9613
53 12 18897.6438
54 12 -71295.2894
55 12 2.18398216
56 12 -7.12085097
57 12 0.698342337
58 12 5.19791944
59 12 1.03233136
60 12 -7.27466398
61 12 1.99795603
62 12 -4.2037394
63 12 0.431589765
64 12 8.11987179
65 12 0.520108987
66 12 -10.3139381
67 12 1.59371062
68 12 -2.51716761
69 12 0.292254237
70 12 7.25099674
71 12 0.353563418
72 12 -9.16478481
1 13 -19.8038558
2 13 6.87980283
3 13 11.6804842
4 13 2651.85255
5 13 11002.4474
6 13 -5599.99019
7 13 -26.0223571
8 13 7.30090338
9 13 16.6775225
10 13 1576.37343
11 13 16810.8081
12 13 -4658.90897
13 13 194.405882
14 13 -60.2052296
15 13 -112.971331
16 13 -9159.2156
17 13 -79250.1599
18 13 25389.0589
19 13 -35.2561077
20 13 7.95376451
21 13 20.8558529
22 13 -1890.76553
23 13 27794.7254
24 13 -2412.19786
25 13 -23.600076
26 13 9.6767195
27 13 14.4647392
28 13 277.211601
29 13 14189.9827
30 13 -5571.79729
31 13 -14.3035439
32 13 8.51397526
33 13 8.79211675
34 13 1516.15647
35 13 4523.15072
36 13 -2050.36182
37 13 -9.18625735
38 13 8.1652829
39 13 6.27919704
40 13 2003.20997
41 13 795.846032
42 13 -3601.48513
43 13 -5.87289042
44 13 5.3578167
45 13 3.36324493
46 13 1248.01762
47 13 858.379032
48 13 -306.726374
49 13 -3.09887159
50 13 2.37164556
51 13 2.07520581
52 13 49.5287913
53 13 76.8393059
54 13 -96.0028708
55 13 -1.73933113
56 13 1.3522415
57 13 1.24433901
58 13 -0.613336422
59 13 -2.19813865
60 13 1.78988024
61 13 -1.81266416
62 13 1.24213942
63 13 1.30915606
64 13 -0.629895841
65 13 -0.956248489
66 13 1.60715832
67 13 -1.33834745
68 13 0.841078433
69 13 0.926489238
70 13 -0.465711892
71 13 -0.244675744
72 13 1.12883907
1 14 3.08941522
2 14 -70.8934036
3 14 3.99997943
4 14 -24261.0238
5 14 860.814734
6 14 33221.9885
7 14 4.64148264
8 14 -84.4114108
9 14 5.18068381
10 14 -28604.413
11 14 1288.92197
12 14 40933.3571
13 14 -60.2052296
14 14 606.886608
15 14 -5.08473452
16 14 162010.184
17 14 13854.6994
18 14 -225252.106
19 14 10.5706402
20 14 -101.584706
21 14 2.45253079
22 14 -37704.3759
23 14 -123.173918
24 14 59001.0449
25 14 14.4217461
26 14 -84.7389318
27 14 -0.248932242
28 14 -29739.047
29 14 -6581.05286
30 14 42566.8206
31 14 11.9179489
32 14 -58.1206018
33 14 0.0958659395
34 14 -13012.0295
35 14 -4344.83044
36 14 16890.812
37 14 10.2437775
38 14 -41.5593474
39 14 -0.924182165
40 14 -6963.07822
41 14 -5413.39631
42 14 7382.10391
43 14 6.87938263
44 14 -24.0466742
45 14 -0.0452934194
46 14 -3737.46174
47 14 -2188.55626
48 14 4593.73348
49 14 3.17475601
50 14 -11.0843642
51 14 1.09140382
52 14 -205.783941
53 14 -111.075333
54 14 290.4973
55 14 1.80814811
56 14 -6.91818086
57 14 0.797784743
58 14 4.83140322
59 14 0.63063691
60 14 -6.18088513
61 14 1.78394615
62 14 -7.00841714
63 14 0.825350423
64 14 2.1016841
65 14 0.615304817
66 14 -3.12647351
67 14 1.29306157
68 14 -5.0188174
69 14 0.595796392
70 14 0.491118214
71 14 0.402523836
72 14 -1.16867039
1 15 11.8476433
2 15 3.87685493
3 15 -16.7473123
4 15 2534.50728
5 15 -9288.52182
6 15 -1121.99088
7 15 16.6674913
8 15 4.51963386
9 15 -22.6162658
10 15 2458.32453
11 15 -14248.9071
12 15 -1086.48769
13 15 -112.971331
14 15 -5.08473452
15 15 148.262358
16 15 -4464.29649
17 15 67236.4902
18 15 -4695.48375
19 15 20.8625707
20 15 3.04296561
21 15 -27.2175614
22 15 3095.45632
23 15 -21416.6038
24 15 -1002.79456
25 15 14.3930278
26 15 0.657827852
27 15 -20.6890276
28 15 1081.22167
29 15 -11709.3911
30 15 1861.88228
31 15 9.05104834
32 15 -1.08436721
33 15 -13.3154574
34 15 -1413.48068
35 15 -4089.82265
36 15 2374.458
37 15 6.6476759
38 15 -3.86079337
39 15 -9.4801514
40 15 -3386.16136
41 15 -1887.32992
42 15 5168.99118
43 15 4.24073532
44 15 -1.87964032
45 15 -5.27136577
46 15 -1246.29163
47 15 -1222.13774
48 15 754.293483
49 15 2.33883767
50 15 -0.087480204
51 15 -2.68514798
52 15 -0.0340996678
53 15 -54.8582072
54 15 20.9195924
55 15 1.45002427
56 15 -0.154638012
57 15 -1.71231242
58 15 -0.477217754
59 15 2.33417458
60 15 -0.548305971
61 15 1.53439854
62 15 -0.301606328
63 15 -1.74176139
64 15 -0.513844384
65 15 0.978372627
66 15 -0.295001847
67 15 1.10290443
68 15 -0.293486783
69 15 -1.23914664
70 15 -0.406000576
71 15 0.185101243
72 15 -0.103119563
1 16 669.709399
2 16 -24214.5097
3 16 3257.57961
4 16 -20128538.2
5 16 2288821.77
6 16 22059705.8
7 16 256.44783
8 16 -28725.3272
9 16 3125.8272
10 16 -23829460.8
11 16 2202209.87
12 16 27525284
13 16 -9159.2156
14 16 162010.184
15 16 -4464.29649
16 16 141228350
17 16 8245475.24
18 16 -162445007
19 16 120.934602
20 16 -37650.2706
21 16 1989.18976
22 16 -35963022
23 16 1905853.9
24 16 44227330.3
25 16 3295.22404
26 16 -29922.9833
27 16 -437.922543
28 16 -27638380.6
29 16 -4285075.18
30 16 32393047.1
31 16 2335.10405
32 16 -13390.0411
33 16 -1467.20604
34 16 -10989073.3
35 16 -4303821.64
36 16 12681153.9
37 16 1882.22546
38 16 -7846.398
39 16 -2558.12677
40 16 -6967041.32
41 16 -5139293.78
42 16 6869914.22
43 16 1475.14991
44 16 -3743.5471
45 16 -1325.68325
46 16 -2939819.84
47 16 -2467786.49
48 16 3447725.81
49 16 93.2392035
50 16 -215.583052
51 16 -8.54435201
52 16 -42423.8795
53 16 -19940.2027
54 16 57937.2155
55 16 -1.08091926
56 16 4.67434641
57 16 -0.884867145
58 16 -3.71377826
59 16 -0.0242750532
60 16 4.39673657
61 16 -0.881332855
62 16 2.21963953
63 16 -0.739536912
64 16 -6.43298397
65 16 -0.142678177
66 16 7.34582187
67 16 -0.556951546
68 16 0.754698726
69 16 -0.509212269
70 16 -5.77940505
71 16 -0.232815151
72 16 6.55723535
1 17 11015.2833
2 17 -1224.06751
3 17 -9127.03758
4 17 119340.962
5 17 -16105485.5
6 17 2906408.17
7 17 16654.9476
8 17 -339.538225
9 17 -14252.3482
10 17 706294.233
11 17 -24772818
12 17 1747964.7
13 17 -79250.1599
14 17 13854.6994
15 17 67236.4902
16 17 8245475.24
17 17 121363313
18 17 -19883201.7
19 17 28050.8243
20 17 2489.62539
21 17 -21504.0039
22 17 5052933.2
23 17 -46852934.9
24 17 -4726993.25
25 17 14500.4465
26 17 -2757.92319
27 17 -11939.4415
28 17 -22940.7835
29 17 -22201490.8
30 17 4916409.28
31 17 4561.94392
32 17 -3960.12264
33 17 -4087.27477
34 17 -4447438.7
35 17 -5572271.87
36 17 4916448.92
37 17 533.286179
38 17 -7178.314
39 17 -1998.01273
40 17 -7316903.63
41 17 -559850.529
42 17 11542758.8
43 17 1141.74204
44 17 -1937.18004
45 17 -842.055835
46 17 -2235812.76
47 17 -1762556.97
48 17 547695.687
49 17 80.6691343
50 17 -73.7604412
51 17 -55.348364
52 17 -9963.51123
53 17 -28222.0875
54 17 23904.046
55 17 -2.44592883
56 17 1.12053577
57 17 2.25276738
58 17 -0.0359182598
59 17 -3.70853
60 17 1.94592573
61 17 -1.34630096
62 17 0.932687222
63 17 1.03677505
64 17 -0.115796228
65 17 -6.49587898
66 17 2.29598467
67 17 -0.628530051
68 17 0.603937105
69 17 0.323272721
70 17 -0.131914318
71 17 -5.8295088
72 17 1.98621879
1 18 -4217.00142
2 18 33317.5975
3 18 -1828.317
4 18 22241411.2
5 18 1525933.77
6 18 -35548945.6
7 18 -3692.25572
8 18 40814.4744
9 18 -1690.5699
10 18 27224815.4
11 18 770703.057
12 18 -46131345
13 18 25389.0589
14 18 -225252.106
15 18 -4695.48375
16 18 -162445007
17 18 -19883201.7
18 18 264205513
19 18 -3724.94107
20 18 59260.4992
21 18 419.400516
22 18 44758854.9
23 18 -1870774.84
24 18 -87357809.7
25 18 -7754.80313
26 18 42601.2301
27 18 3946.33677
28 18 32463220.7
29 18 8994951.05
30 18 -55440201.6
31 18 -2652.76604
32 18 16900.3517
33 18 2076.31417
34 18 12290994.5
35 18 4053325.79
36 18 -16182325
37 18 -3285.04784
38 18 6916.68914
39 18 3492.02949
40 18 4921528.23
41 18 7766332.75
42 18 -2574071.57
43 18 -700.730229
44 18 4791.82525
45 18 683.432244
46 18 3848415.93
47 18 997855.471
48 18 -3524846.73
49 18 -131.842621
50 18 271.107939
51 18 22.5457597
52 18 51594.4004
53 18 30221.1564
54 18 -74944.1325
55 18 1.9570105
56 18 -6.00298436
57 18 0.476323223
58 18 4.40942217
59 18 1.11169372
60 18 -6.02149593
61 18 1.78803327
62 18 -3.27190619
63 18 0.273771616
64 18 7.32134318
65 18 0.69775357
66 18 -9.10031903
67 18 1.26619612
68 18 -1.48190215
69 18 0.150082999
70 18 6.50351369
71 18 0.51087067
72 18 -8.00295352
1 19 -16.3173388
2 19 8.49193342
3 19 8.40731872
4 19 3367.13746
5 19 5929.2859
6 19 -4580.97202
7 19 -21.369871
8 19 9.85747823
9 19 11.891408
10 19 3023.22908
11 19 12328.5535
12 19 -6515.61283
13 19 -35.2561077
14 19 10.5706402
15 19 20.8625707
16 19 120.934602
17 19 28050.8243
18 19 -3724.94107
19 19 210.229683
20 19 -67.8233606
21 19 -118.00514
22 19 -7698.05929
23 19 -85336.1638
24 19 19701.3938
25 19 -37.0598232
26 19 6.50439921
27 19 22.3304507
28 19 -5240.16922
29 19 29238.5645
30 19 2247.18715
31 19 -19.5203255
32 19 9.59497896
33 19 12.7103035
34 19 1391.29163
35 19 8353.98281
36 19 -2829.50259
37 19 -10.6928484
38 19 7.28763495
39 19 7.65234099
40 19 1630.91535
41 19 2533.9392
42 19 -2611.41949
43 19 -7.22974651
44 19 4.9024885
45 19 4.51518319
46 19 1277.41865
47 19 1556.12305
48 19 -690.076252
49 19 -3.45962175
50 19 2.83021489
51 19 2.60654854
52 19 82.3282773
53 19 331.069175
54 19 -236.462114
55 19 -1.97355755
56 19 1.77516254
57 19 1.37161445
58 19 -0.842072186
59 19 -2.48916749
60 19 2.28898831
61 19 -2.27287651
62 19 1.80730547
63 19 1.51660299
64 19 -0.77057169
65 19 -1.1453637
66 19 1.95355682
67 19 -1.56209455
68 19 1.2216431
69 19 1.03926722
70 19 -0.599990604
71 19 -0.506856385
72 19 1.51373993
1 20 4.60056516
2 20 -71.929342
3 20 3.25610786
4 20 -24883.3416
5 20 122.700755
6 20 32624.3175
7 20 7.55950044
8 20 -69.3069311
9 20 2.7515973
10 20 -23578.9161
11 20 -1531.62583
12 20 33015.3894
13 20 7.95376451
14 20 -101.584706
15 20 3.04296561
16 20 -37650.2706
17 20 2489.62539
18 20 59260.4992
19 20 -67.8233606
20 20 644.175815
21 20 -11.7243277
22 20 175192.523
23 20 10302.746
24 20 -239051.147
25 20 10.4187322
26 20 -105.721635
27 20 0.801336926
28 20 -41353.1074
29 20 -653.257986
30 20 60435.7915
31 20 12.6039198
32 20 -66.4294631
33 20 -0.643472344
34 20 -17575.6959
35 20 -6684.4626
36 20 21097.3178
37 20 9.4005828
38 20 -43.0777952
39 20 -0.926029872
40 20 -8043.79641
41 20 -5823.30606
42 20 8260.08036
43 20 6.70444914
44 20 -25.3638007
45 20 0.992208672
46 20 -2735.61008
47 20 -1382.2711
48 20 3638.45556
49 20 3.81518706
50 20 -14.1494106
51 20 0.888086436
52 20 -676.15524
53 20 -295.692959
54 20 1015.02565
55 20 2.21965178
56 20 -8.07709218
57 20 0.834243683
58 20 5.6054546
59 20 0.846084826
60 20 -7.53701813
61 20 2.38388232
62 20 -8.45647757
63 20 0.941976404
64 20 2.70204929
65 20 0.742512594
66 20 -4.25991933
67 20 1.70512233
68 20 -6.0758073
69 20 0.65552025
70 20 1.18680118
71 20 0.536071301
72 20 -2.3704297
1 21 8.34899576
2 21 4.96143526
3 21 -13.5154637
4 21 2319.61551
5 21 -4856.4856
6 21 -2592.18607
7 21 11.6981009
8 21 4.06732923
9 21 -16.7144185
10 21 2508.87178
11 21 -9587.24579
12 21 -1282.85573
13 21 20.8558529
14 21 2.45253079
15 21 -27.2175614
16 21 1989.18976
17 21 -21504.0039
18 21 419.400516
19 21 -118.00514
20 21 -11.7243277
21 21 156.734052
22 21 -2958.17012
23 21 70816.2624
24 21 -2604.68673
25 21 22.5436232
26 21 2.14000322
27 21 -29.5340023
28 21 1570.86718
29 21 -22812.0979
30 21 344.746497
31 21 12.5678196
32 21 -1.36016758
33 21 -18.6858715
34 21 -3165.29766
35 21 -8235.52401
36 21 4886.55601
37 21 7.88912209
38 21 -2.70988788
39 21 -11.7370109
40 21 -3549.65465
41 21 -3998.22864
42 21 4376.2201
43 21 4.96130338
44 21 -0.0911032646
45 21 -6.4437465
46 21 2.80752155
47 21 -982.463418
48 21 -184.081951
49 21 2.83768062
50 21 -0.16616942
51 21 -3.47107789
52 21 40.9997496
53 21 -359.290907
54 21 75.2921979
55 21 1.60232608
56 21 -0.148446576
57 21 -1.95664851
58 21 -0.575081874
59 21 2.68636707
60 21 -0.610865996
61 21 1.79626672
62 21 -0.281021931
63 21 -2.08039374
64 21 -0.55761451
65 21 1.25729687
66 21 -0.377894951
67 21 1.26127769
68 21 -0.322858164
69 21 -1.46737923
70 21 -0.461950442
71 21 0.513541731
72 21 -0.227384608
1 22 1908.46497
2 22 -24944.5743
3 22 2230.84376
4 22 -20873795.6
5 22 1625.53788
6 22 23375691.4
7 22 2140.40778
8 22 -23670.0828
9 22 2419.21093
10 22 -20603386.9
11 22 150238.741
12 22 22892579
13 22 -1890.76553
14 22 -37704.3759
15 22 3095.45632
16 22 -35963022
17 22 5052933.2
18 22 44758854.9
19 22 -7698.05929
20 22 175192.523
21 22 -2958.17012
22 22 165472570
23 22 11558714.5
24 22 -185066431
25 22 -1837.71263
26 22 -41012.6189
27 22 -514.125111
28 22 -43660867.8
29 22 -7046.9204
30 22 49470890.5
31 22 2267.92522
32 22 -18261.1291
33 22 -3275.24471
34 22 -19375225.9
35 22 -8993716.1
36 22 19330848
37 22 2051.12604
38 22 -8578.1513
39 22 -3413.67693
40 22 -9526697.58
41 22 -7109034.16
42 22 8681606.07
43 22 1505.24962
44 22 -2729.44605
45 22 -138.605011
46 22 -1455581.83
47 22 -1376282.17
48 22 2012736.79
49 22 209.14952
50 22 -704.977704
51 22 -12.1475317
52 22 -176849.514
53 22 -55849.2906
54 22 257841.105
55 22 -1.28809603
56 22 5.43745725
57 22 -1.00149687
58 22 -4.25810214
59 22 -0.0371300222
60 22 5.26977397
61 22 -1.04273954
62 22 2.83045674
63 22 -0.822864289
64 22 -6.95065033
65 22 -0.175152349
66 22 8.15445983
67 22 -0.765826832
68 22 1.45871171
69 22 -0.636309756
70 22 -6.22932448
71 22 -0.259792256
72 22 7.29020635
1 23 5811.14471
2 23 -640.404073
3 23 -4846.25002
4 23 -755481.769
5 23 -7384916.81
6 23 186674.38
7 23 12095.9987
8 23 -1725.37162
9 23 -9605.00876
10 23 -240879.866
11 23 -17510061.4
12 23 2906171.27
13 23 27794.7254
14 23 -123.173918
15 23 -21416.6038
16 23 1905853.9
17 23 -46852934.9
18 23 -1870774.84
19 23 -85336.1638
20 23 10302.746
21 23 70816.2624
22 23 11558714.5
23 23 140006650
24 23 -10302789.4
25 23 29939.144
26 23 4243.0515
27 23 -22726.6514
28 23 6131111.96
29 23 -52362446.4
30 23 -6714537.03
31 23 8208.07304
32 23 -6480.94099
33 23 -8540.82044
34 23 -9374154.17
35 23 -13301085.1
36 23 9508864.5
37 23 2535.13343
38 23 -6112.61423
39 23 -4028.57962
40 23 -7458470.66
41 23 -5584803.45
42 23 8883636.21
43 23 1633.73811
44 23 -1034.84365
45 23 -797.072485
46 23 -1413141.14
47 23 -1225749.91
48 23 375734.584
49 23 335.021031
50 23 -164.277848
51 23 -369.470719
52 23 -7402.04182
53 23 -207894.836
54 23 84219.9194
55 23 -2.7653132
56 23 1.40686976
57 23 2.59136043
58 23 -0.0979090754
59 23 -4.27465564
60 23 2.3578646
61 23 -1.57171233
62 23 1.16217234
63 23 1.31427423
64 23 -0.211173519
65 23 -7.04707131
66 23 2.76982629
67 23 -0.955359789
68 23 0.870534791
69 23 0.649341436
70 23 -0.221248196
71 23 -6.31671913
72 23 2.43495285
1 24 -3447.94366
2 24 32576.2944
3 24 -2159.35321
4 24 23206719.1
5 24 138761.855
6 24 -33194282.1
7 24 -6078.27677
8 24 32958.6263
9 24 -621.389562
10 24 22706529.4
11 24 3566796.43
12 24 -37510780.9
13 24 -2412.19786
14 24 59001.0449
15 24 -1002.79456
16 24 44227330.3
17 24 -4726993.25
18 24 -87357809.7
19 24 19701.3938
20 24 -239051.147
21 24 -2604.68673
22 24 -185066431
23 24 -10302789.4
24 24 297868244
25 24 -101.025214
26 24 61120.1778
27 24 3179.98359
28 24 50962167.1
29 24 -866976.218
30 24 -90974622.1
31 24 -3215.59542
32 24 20914.4351
33 24 4607.0381
34 24 18219110.3
35 24 8092328.43
36 24 -24600932
37 24 -2724.08814
38 24 8032.23715
39 24 3876.08315
40 24 7764217.69
41 24 7679378.72
42 24 -7747162.96
43 24 -986.387316
44 24 3647.26068
45 24 -168.344532
46 24 2155611.18
47 24 461486.025
48 24 -1914499.68
49 24 -351.196878
50 24 976.086372
51 24 95.804569
52 24 238340.964
53 24 117583.016
54 24 -368125.355
55 24 2.46932301
56 24 -7.34254549
57 24 0.473163418
58 24 5.29024776
59 24 1.44301625
60 24 -7.6086453
61 24 2.1954409
62 24 -4.44479048
63 24 0.305738687
64 24 8.12710206
65 24 1.13284103
66 24 -10.5746587
67 24 1.73869096
68 24 -2.72349766
69 24 0.220529844
70 24 7.23510946
71 24 0.899082356
72 24 -9.37057891
1 25 -7.7070976
2 25 7.830909
3 25 3.2502099
4 25 3435.51723
5 25 -1592.21915
6 25 -2339.92667
7 25 -13.3750026
8 25 9.18009273
9 25 7.80685192
10 25 3047.46138
11 25 5744.41805
12 25 -4393.68371
13 25 -23.600076
14 25 14.4217461
15 25 14.3930278
16 25 3295.22404
17 25 14500.4465
18 25 -7754.80313
19 25 -37.0598232
20 25 10.4187322
21 25 22.5436232
22 25 -1837.71263
23 25 29939.144
24 25 -101.025214
25 25 210.655346
26 25 -82.8853775
27 25 -116.445393
28 25 -8758.06926
29 25 -76471.3488
30 25 14221.7735
31 25 -38.1570777
32 25 12.9641445
33 25 22.2617599
34 25 -2022.33534
35 25 22164.7037
36 25 3182.15358
37 25 -17.8103273
38 25 9.81739007
39 25 13.1114615
40 25 1111.60374
41 25 7133.28486
42 25 -1093.57244
43 25 -10.3830497
44 25 4.94410727
45 25 6.988289
46 25 -52.7381723
47 25 3307.51932
48 25 -848.294783
49 25 -3.49656529
50 25 2.91431639
51 25 2.45284181
52 25 21.3682884
53 25 182.37453
54 25 -114.687003
55 25 -2.06827799
56 25 1.99149726
57 25 1.38862497
58 25 -0.97994131
59 25 -2.57577751
60 25 2.51261703
61 25 -2.0890634
62 25 1.9618485
63 25 1.24074216
64 25 -0.834425889
65 25 -2.10892959
66 25 2.2104233
67 25 -1.33178114
68 25 1.30082347
69 25 0.746161226
70 25 -0.63138493
71 25 -1.53778292
72 25 1.75135193
1 26 4.59875881
2 26 -60.5590431
3 26 1.5077763
4 26 -19089.4514
5 26 -1260.14478
6 26 23337.5537
7 26 6.34274218
8 26 -61.3280145
9 26 1.88246036
10 26 -19007.3991
11 26 -1442.35173
12 26 24936.4754
13 26 9.6767195
14 26 -84.7389318
15 26 0.657827852
16 26 -29922.9833
17 26 -2757.92319
18 26 42601.2301
19 26 6.50439921
20 26 -105.721635
21 26 2.14000322
22 26 -41012.6189
23 26 4243.0515
24 26 61120.1778
25 26 -82.8853775
26 26 665.689589
27 26 -17.8076024
28 26 167310.618
29 26 10263.8914
30 26 -221531.903
31 26 16.5411716
32 26 -106.698451
33 26 0.922777732
34 26 -29755.746
35 26 -4234.00068
36 26 38215.1323
37 26 13.6972567
38 26 -64.314504
39 26 0.439689164
40 26 -13039.6768
41 26 -5469.00182
42 26 14448.1442
43 26 7.51380052
44 26 -30.2622495
45 26 1.54385025
46 26 -3300.01844
47 26 -825.526682
48 26 3847.26904
49 26 3.51860269
50 26 -12.5580061
51 26 0.9329011
52 26 -218.083567
53 26 -95.4688296
54 26 306.34472
55 26 2.33283603
56 26 -8.15393344
57 26 0.733311368
58 26 5.62988787
59 26 1.00878183
60 26 -7.64940443
61 26 2.36682316
62 26 -7.27971966
63 26 0.765922311
64 26 4.61915348
65 26 0.875810773
66 26 -6.43167609
67 26 1.62665624
68 26 -4.82482576
69 26 0.503692558
70 26 3.28850069
71 26 0.677372836
72 26 -4.73746234
1 27 2.87211587
2 27 5.00670406
3 27 -6.63650054
4 27 1892.95818
5 27 1707.93745
6 27 -3562.63603
7 27 7.47280934
8 27 4.04322556
9 27 -11.6510898
10 27 2054.65601
11 27 -4332.70847
12 27 -2086.00169
13 27 14.4647392
14 27 -0.248932242
15 27 -20.6890276
16 27 -437.922543
17 27 -11939.4415
18 27 3946.33677
19 27 22.3304507
20 27 0.801336926
21 27 -29.5340023
22 27 -514.125111
23 27 -22726.6514
24 27 3179.98359
25 27 -116.445393
26 27 -17.8076024
27 27 157.363822
28 27 1954.66877
29 27 63794.3587
30 27 -1505.82216
31 27 22.0450173
32 27 1.98168764
33 27 -32.7775625
34 27 -4355.09991
35 27 -18928.9258
36 27 2636.86118
37 27 13.7283541
38 27 1.06939473
39 27 -19.4310926
40 27 -2243.72998
41 27 -9335.86014
42 27 39.966519
43 27 7.05110279
44 27 1.507557
45 27 -9.06452499
46 27 784.941146
47 27 -2089.57827
48 27 -365.128418
49 27 2.64868152
50 27 0.0548032514
51 27 -3.25378462
52 27 46.00063
53 27 -166.23174
54 27 19.9239371
55 27 1.59853203
56 27 -0.0912626696
57 27 -1.97746907
58 27 -0.62298309
59 27 2.70367715
60 27 -0.564782445
61 27 1.48931557
62 27 -0.1299486
63 27 -1.78978863
64 27 -0.496407029
65 27 2.23061171
66 27 -0.579646249
67 27 0.939669542
68 27 -0.176711028
69 27 -1.15641079
70 27 -0.372384867
71 27 1.57802572
72 27 -0.488595903
1 28 3246.30798
2 28 -19313.296
3 28 673.318274
4 28 -14371964.6
5 28 -3411601.71
6 28 16454864
7 28 2404.52058
8 28 -19160.1942
9 28 1547.20588
10 28 -14692436.6
11 28 -1377779.55
12 28 16183610.4
13 28 277.211601
14 28 -29739.047
15 28 1081.22167
16 28 -27638380.6
17 28 -22940.7835
18 28 32463220.7
19 28 -5240.16922
20 28 -41353.1074
21 28 1570.86718
22 28 -43660867.8
23 28 6131111.96
24 28 50962167.1
25 28 -8758.06926
26 28 167310.618
27 28 1954.66877
28 28 164996000
29 28 24439324.8
30 28 -176103909
31 28 45.5241479
32 28 -29920.7994
33 28 -5858.01738
34 28 -39972950.2
35 28 -13407430.9
36 28 39285812.3
37 28 3561.22906
38 28 -12563.9567
39 28 -4011.77162
40 28 -15437220.3
41 28 -11318584.7
42 28 12022108.6
43 28 851.842052
44 28 -3321.53337
45 28 320.405724
46 28 -2144974.68
47 28 -633858.136
48 28 1791231.05
49 28 69.6708721
50 28 -228.073536
51 28 22.5866748
52 28 -47597.6272
53 28 -8450.85294
54 28 58846.843
55 28 -1.32149729
56 28 5.48408489
57 28 -0.986497401
58 28 -4.29146913
59 28 -0.0750941438
60 28 5.32976426
61 28 -1.22552918
62 28 4.63312482
63 28 -0.88603147
64 28 -3.75294307
65 28 -0.0922279561
66 28 4.67229316
67 28 -0.983480289
68 28 3.34338696
69 28 -0.700922434
70 28 -2.67432819
71 28 -0.0710603185
72 28 3.39936287
1 29 -1784.07894
2 29 -37.1258487
3 29 1455.24173
4 29 -1652629.82
5 29 5636292.54
6 29 -2282945.96
7 29 5471.84538
8 29 -1049.63495
9 29 -4447.17529
10 29 -892184.911
11 29 -6349355.18
12 29 684767.378
13 29 14189.9827
14 29 -6581.05286
15 29 -11709.3911
16 29 -4285075.18
17 29 -22201490.8
18 29 8994951.05
19 29 29238.5645
20 29 -653.257986
21 29 -22812.0979
22 29 -7046.9204
23 29 -52362446.4
24 29 -866976.218
25 29 -76471.3488
26 29 10263.8914
27 29 63794.3587
28 29 24439324.8
29 29 135116066
30 29 -7991244.17
31 29 22412.3624
32 29 -921.123294
33 29 -19240.1561
34 29 -9994773.26
35 29 -46126148.1
36 29 -440822.185
37 29 7859.29004
38 29 -1673.13367
39 29 -8807.6882
40 29 -6970660.52
41 29 -16116118.1
42 29 2394473.15
43 29 3306.42518
44 29 287.407571
45 29 -2208.89289
46 29 79549.062
47 29 -3027032.08
48 29 758933.691
49 29 180.940138
50 29 -46.452622
51 29 -174.620029
52 29 6135.82249
53 29 -74043.7021
54 29 26610.8961
55 29 -2.82264097
56 29 1.50236725
57 29 2.61329572
58 29 -0.156054748
59 29 -4.34237188
60 29 2.47139082
61 29 -2.46046432
62 29 1.4202487
63 29 2.21407738
64 29 -0.16660404
65 29 -3.83748094
66 29 2.40256235
67 29 -1.87941344
68 29 1.14291291
69 29 1.58410677
70 29 -0.129868916
71 29 -2.75369325
72 29 1.92246153
1 30 -1768.43551
2 30 23201.8831
3 30 -1833.67829
4 30 15977233.9
5 30 -630920.129
6 30 -18484913.9
7 30 -3952.86014
8 30 24857.2835
9 30 -875.601585
10 30 15872452.4
11 30 1989280.87
12 30 -23037086.8
13 30 -5571.79729
14 30 42566.8206
15 30 1861.88228
16 30 32393047.1
17 30 4916409.28
18 30 -55440201.6
19 30 2247.18715
20 30 60435.7915
21 30 344.746497
22 30 49470890.5
23 30 -6714537.03
24 30 -90974622.1
25 30 14221.7735
26 30 -221531.903
27 30 -1505.82216
28 30 -176103909
29 30 -7991244.17
30 30 274901103
31 30 1677.01399
32 30 38327.0131
33 30 4511.57675
34 30 39271659.2
35 30 2608201.52
36 30 -62674407.3
37 30 -2998.87504
38 30 14851.3821
39 30 2462.08847
40 30 13669332.3
41 30 7113331.65
42 30 -16122960.2
43 30 -1339.67915
44 30 3697.48995
45 30 106.364455
46 30 1587509.54
47 30 1041887.41
48 30 -2620938.77
49 30 -146.25533
50 30 289.497998
51 30 31.5041182
52 30 52845.6016
53 30 34370.2559
54 30 -81961.288
55 30 2.63845931
56 30 -7.48385069
57 30 0.344175817
58 30 5.35275569
59 30 1.68378916
60 30 -7.81632853
61 30 2.44693019
62 30 -6.47725675
63 30 0.348163749
64 30 4.68505893
65 30 1.56293701
66 30 -6.96702268
67 30 2.00138595
68 30 -4.82874354
69 30 0.29245978
70 30 3.40328994
71 30 1.20887923
72 30 -5.30819888
1 31 -5.83836376
2 31 7.54477326
3 31 3.56994823
4 31 1564.08677
5 31 172.006314
6 31 -1375.21378
7 31 -9.16708109
8 31 8.49150435
9 31 5.93438001
10 31 1428.69124
11 31 2126.70218
12 31 -1584.20846
13 31 -14.3035439
14 31 11.9179489
15 31 9.05104834
16 31 2335.10405
17 31 4561.94392
18 31 -2652.76604
19 31 -19.5203255
20 31 12.6039198
21 31 12.5678196
22 31 2267.92522
23 31 8208.07304
24 31 -3215.59542
25 31 -38.1570777
26 31 16.5411716
27 31 22.0450173
28 31 45.5241479
29 31 22412.3624
30 31 1677.01399
31 31 214.758537
32 31 -90.702835
33 31 -117.535288
34 31 176.7563
35 31 -66988.2844
36 31 -11061.1348
37 31 -48.0511741
38 31 2.79638464
39 31 28.5422605
40 31 -13310.5757
41 31 29771.4399
42 31 28063.0936
43 31 -13.1055198
44 31 11.6506599
45 31 9.25865063
46 31 3597.45074
47 31 4312.15184
48 31 -6359.88836
49 31 -3.41695047
50 31 3.91485943
51 31 2.63048656
52 31 689.344502
53 31 -1068.5131
54 31 -1900.43571
55 31 -2.28648564
56 31 2.15143758
57 31 1.53375748
58 31 -1.11218761
59 31 -2.61742265
60 31 2.73417479
61 31 -2.60023196
62 31 2.21078113
63 31 1.67099481
64 31 -0.914235673
65 31 -1.25382154
66 31 2.24767811
67 31 -1.82409499
68 31 1.50695358
69 31 1.17820954
70 31 -0.676638002
71 31 -0.579600914
72 31 1.71337082
1 32 6.07770431
2 32 -42.6179183
3 32 -1.93876158
4 32 -8313.10001
5 32 -2374.82799
6 32 10438.7416
7 32 6.58772395
8 32 -46.4490691
9 32 -1.32471448
10 32 -8246.62511
11 32 -1875.35907
12 32 10539.7928
13 32 8.51397526
14 32 -58.1206018
15 32 -1.08436721
16 32 -13390.0411
17 32 -3960.12264
18 32 16900.3517
19 32 9.59497896
20 32 -66.4294631
21 32 -1.36016758
22 32 -18261.1291
23 32 -6480.94099
24 32 20914.4351
25 32 12.9641445
26 32 -106.698451
27 32 1.98168764
28 32 -29920.7994
29 32 -921.123294
30 32 38327.0131
31 32 -90.702835
32 32 656.149222
33 32 -13.8085147
34 32 139936.836
35 32 12430.3234
36 32 -174696.575
37 32 5.79624708
38 32 -150.560672
39 32 6.58613663
40 32 -49611.3019
41 32 15066.7235
42 32 68935.0635
43 32 12.7167784
44 32 -37.1252978
45 32 -0.535639468
46 32 -4376.03675
47 32 -8083.81506
48 32 256.499999
49 32 4.46141409
50 32 -13.5486692
51 32 0.364494248
52 32 -832.353788
53 32 -2180.2049
54 32 -850.086039
55 32 2.44318107
56 32 -8.72675833
57 32 0.630624509
58 32 5.52573717
59 32 1.20565554
60 32 -7.6480532
61 32 2.63295098
62 32 -9.10250428
63 32 0.73855871
64 32 2.64819946
65 32 0.954982416
66 32 -4.37514871
67 32 1.89460316
68 32 -6.6844817
69 32 0.514790561
70 32 1.12816366
71 32 0.662289796
72 32 -2.44875062
1 33 2.70209535
2 33 3.06540409
3 33 -4.73782435
4 33 96.9498624
5 33 112.162712
6 33 -609.480514
7 33 5.29708008
8 33 2.26147742
9 33 -7.82416839
10 33 54.0228575
11 33 -1417.14582
12 33 -138.903572
13 33 8.79211675
14 33 0.0958659395
15 33 -13.3154574
16 33 -1467.20604
17 33 -4087.27477
18 33 2076.31417
19 33 12.7103035
20 33 -0.643472344
21 33 -18.6858715
22 33 -3275.24471
23 33 -8540.82044
24 33 4607.0381
25 33 22.2617599
26 33 0.922777732
27 33 -32.7775625
28 33 -5858.01738
29 33 -19240.1561
30 33 4511.57675
31 33 -117.535288
32 33 -13.8085147
33 33 160.017941
34 33 21142.3156
35 33 60366.998
36 33 -12607.0797
37 33 28.6877287
38 33 5.49699357
39 33 -40.1863264
40 33 -4696.97198
41 33 -22622.4125
42 33 -3527.2033
43 33 9.04142582
44 33 -1.68932496
45 33 -14.034355
46 33 -4789.46265
47 33 -7003.12355
48 33 5672.19918
49 33 2.98227298
50 33 -0.274029483
51 33 -4.06005407
52 33 -1168.75833
53 33 -814.961061
54 33 824.002379
55 33 1.70737699
56 33 -0.0523852812
57 33 -2.11039203
58 33 -0.680987596
59 33 2.66279802
60 33 -0.507967307
61 33 1.89701059
62 33 -0.177955675
63 33 -2.23387713
64 33 -0.611065124
65 33 1.24339493
66 33 -0.331254427
67 33 1.36589958
68 33 -0.26466693
69 33 -1.6055269
70 33 -0.49071251
71 33 0.494990794
72 33 -0.207514282
1 34 1705.43154
2 34 -8325.9312
3 34 -896.511228
4 34 -4249290.46
5 34 -1591996.74
6 34 4481372.33
7 34 1171.42063
8 34 -8236.4506
9 34 -460.241013
10 34 -4242455.74
11 34 -947359.759
12 34 4381709.18
13 34 1516.15647
14 34 -13012.0295
15 34 -1413.48068
16 34 -10989073.3
17 34 -4447438.7
18 34 12290994.5
19 34 1391.29163
20 34 -17575.6959
21 34 -3165.29766
22 34 -19375225.9
23 34 -9374154.17
24 34 18219110.3
25 34 -2022.33534
26 34 -29755.746
27 34 -4355.09991
28 34 -39972950.2
29 34 -9994773.26
30 34 39271659.2
31 34 176.7563
32 34 139936.836
33 34 21142.3156
34 34 179754581
35 34 39813206.1
36 34 -152227940
37 34 -11676.9544
38 34 -49356.3708
39 34 -5234.32641
40 34 -86146832.4
41 34 2646946.87
42 34 68369872.9
43 34 3080.59836
44 34 -5144.12724
45 34 -4487.53929
46 34 -8550459.19
47 34 -10721306.3
48 34 1711661.1
49 34 1140.38946
50 34 -698.209497
51 34 -1468.14214
52 34 -2731515.75
53 34 -4191272.31
54 34 -627329.608
55 34 -1.37046568
56 34 5.41107734
57 34 -0.957048889
58 34 -4.35615505
59 34 -0.135918583
60 34 5.43207633
61 34 -1.10413543
62 34 2.81848447
63 34 -0.799194161
64 34 -6.99358382
65 34 -0.315439307
66 34 8.25988754
67 34 -0.810126775
68 34 1.43073095
69 34 -0.624728672
70 34 -6.2550733
71 34 -0.381927188
72 34 7.36895783
1 35 -26.8299989
2 35 -1091.15812
3 35 -143.953446
4 35 -944926.714
5 35 -83981.4568
6 35 203893.93
7 35 1950.23898
8 35 -1322.04494
9 35 -1561.98704
10 35 -827051.825
11 35 -2014154.34
12 35 228791.741
13 35 4523.15072
14 35 -4344.83044
15 35 -4089.82265
16 35 -4303821.64
17 35 -5572271.87
18 35 4053325.79
19 35 8353.98281
20 35 -6684.4626
21 35 -8235.52401
22 35 -8993716.1
23 35 -13301085.1
24 35 8092328.43
25 35 22164.7037
26 35 -4234.00068
27 35 -18928.9258
28 35 -13407430.9
29 35 -46126148.1
30 35 2608201.52
31 35 -66988.2844
32 35 12430.3234
33 35 60366.998
34 35 39813206.1
35 35 133312646
36 35 3290262.53
37 35 29648.2424
38 35 16674.7195
39 35 -22530.4511
40 35 5035760.4
41 35 -59245296.3
42 35 -38601920.6
43 35 3974.94303
44 35 -8985.61054
45 35 -7530.81497
46 35 -12420384.1
47 35 -11466231
48 35 14989844.7
49 35 -809.101944
50 35 -1747.82257
51 35 -565.793113
52 35 -3075061.78
53 35 948957.395
54 35 4130539.09
55 35 -2.8223525
56 35 1.58502468
57 35 2.58647287
58 35 -0.198172729
59 35 -4.44765596
60 35 2.57037776
61 35 -1.62459414
62 35 1.27699657
63 35 1.31533516
64 35 -0.374944745
65 35 -7.16151134
66 35 3.04461377
67 35 -0.990081966
68 35 0.946349381
69 35 0.640231483
70 35 -0.367593121
71 35 -6.39974144
72 35 2.6771422
1 36 -1237.05088
2 36 10395.6577
3 36 809.957958
4 36 4434233.73
5 36 809852.562
6 36 -4755636.48
7 36 -1388.04102
8 36 10510.9327
9 36 743.020343
10 36 4300273.95
11 36 573276.081
12 36 -5601713.43
13 36 -2050.36182
14 36 16890.812
15 36 2374.458
16 36 12681153.9
17 36 4916448.92
18 36 -16182325
19 36 -2829.50259
20 36 21097.3178
21 36 4886.55601
22 36 19330848
23 36 9508864.5
24 36 -24600932
25 36 3182.15358
26 36 38215.1323
27 36 2636.86118
28 36 39285812.3
29 36 -440822.185
30 36 -62674407.3
31 36 -11061.1348
32 36 -174696.575
33 36 -12607.0797
34 36 -152227940
35 36 3290262.53
36 36 232794270
37 36 26856.3022
38 36 69477.1988
39 36 -3232.13492
40 36 69488383.1
41 36 -37621481.9
42 36 -124473197
43 36 -5860.24073
44 36 -611.255532
45 36 4705.82601
46 36 -969558.608
47 36 12375152.6
48 36 4622599.88
49 36 -2221.71423
50 36 -765.726867
51 36 1302.09884
52 36 63625.2729
53 36 5366107.58
54 36 4351098.06
55 36 2.83114502
56 36 -7.50559115
57 36 0.19252247
58 36 5.44475214
59 36 1.94668174
60 36 -8.06660508
61 36 2.4553534
62 36 -4.6209713
63 36 0.135779622
64 36 8.19474833
65 36 1.85115792
66 36 -10.9580691
67 36 1.93289588
68 36 -2.8541132
69 36 0.114073016
70 36 7.27429225
71 36 1.53281375
72 36 -9.68571666
1 37 -4.54880268
2 37 5.26014323
3 37 3.03046717
4 37 575.87136
5 37 62.0871354
6 37 -947.618741
7 37 -6.63880259
8 37 7.29657948
9 37 4.65299032
10 37 736.090487
11 37 907.558013
12 37 -789.44853
13 37 -9.18625735
14 37 10.2437775
15 37 6.6476759
16 37 1882.22546
17 37 533.286179
18 37 -3285.04784
19 37 -10.6928484
20 37 9.4005828
21 37 7.88912209
22 37 2051.12604
23 37 2535.13343
24 37 -2724.08814
25 37 -17.8103273
26 37 13.6972567
27 37 13.7283541
28 37 3561.22906
29 37 7859.29004
30 37 -2998.87504
31 37 -48.0511741
32 37 5.79624708
33 37 28.6877287
34 37 -11676.9544
35 37 29648.2424
36 37 26856.3022
37 37 178.364909
38 37 -80.3410349
39 37 -100.139723
40 37 6994.97866
41 37 -51346.2142
42 37 -22009.6889
43 37 -22.6742987
44 37 6.69723545
45 37 12.6174675
46 37 -3945.40256
47 37 11079.0601
48 37 7108.28518
49 37 -6.31617173
50 37 4.66622737
51 37 3.5353667
52 37 -436.108406
53 37 1108.09192
54 37 1071.65736
55 37 -2.78814327
56 37 2.54752851
57 37 1.58469605
58 37 -1.27742714
59 37 -2.86328295
60 37 3.13982311
61 37 -2.85299655
62 37 2.52042611
63 37 1.44249762
64 37 -1.09191682
65 37 -2.37283444
66 37 2.78864175
67 37 -1.59801773
68 37 1.54301438
69 37 0.89870842
70 37 -0.793558651
71 37 -1.61960449
72 37 2.05452651
1 38 4.3569282
2 38 -25.519987
3 38 -2.37086983
4 38 -4131.03657
5 38 -1906.27018
6 38 4740.51685
7 38 6.37888426
8 38 -34.2047042
9 38 -3.22338494
10 38 -4946.9712
11 38 -2210.19959
12 38 6277.0997
13 38 8.1652829
14 38 -41.5593474
15 38 -3.86079337
16 38 -7846.398
17 38 -7178.314
18 38 6916.68914
19 38 7.28763495
20 38 -43.0777952
21 38 -2.70988788
22 38 -8578.1513
23 38 -6112.61423
24 38 8032.23715
25 38 9.81739007
26 38 -64.314504
27 38 1.06939473
28 38 -12563.9567
29 38 -1673.13367
30 38 14851.3821
31 38 2.79638464
32 38 -150.560672
33 38 5.49699357
34 38 -49356.3708
35 38 16674.7195
36 38 69477.1988
37 38 -80.3410349
38 38 541.13669
39 38 -16.1878703
40 38 110298.43
41 38 1269.94503
42 38 -142347.722
43 38 8.09589584
44 38 -61.1416667
45 38 3.74170693
46 38 -17788.3268
47 38 3192.32223
48 38 25422.8466
49 38 5.04032203
50 38 -17.139385
51 38 1.05301433
52 38 -1906.99444
53 38 -155.415019
54 38 1923.06227
55 38 2.75793307
56 38 -8.74508942
57 38 0.653287511
58 38 5.45737116
59 38 1.40481121
60 38 -7.53547394
61 38 2.81822465
62 38 -7.9525285
63 38 0.723790809
64 38 4.46111055
65 38 1.21667033
66 38 -6.33225061
67 38 1.80506462
68 38 -5.46593227
69 38 0.388048983
70 38 3.21247607
71 38 0.912298221
72 38 -4.82270192
1 39 2.35152321
2 39 1.62742374
3 39 -3.52042724
4 39 -470.751882
5 39 -60.4278006
6 39 262.584066
7 39 3.82652249
8 39 1.33723864
9 39 -5.43851627
10 39 -574.896426
11 39 -524.128402
12 39 342.511247
13 39 6.27919704
14 39 -0.924182165
15 39 -9.4801514
16 39 -2558.12677
17 39 -1998.01273
18 39 3492.02949
19 39 7.65234099
20 39 -0.926029872
21 39 -11.7370109
22 39 -3413.67693
23 39 -4028.57962
24 39 3876.08315
25 39 13.1114615
26 39 0.439689164
27 39 -19.4310926
28 39 -4011.77162
29 39 -8807.6882
30 39 2462.08847
31 39 28.5422605
32 39 6.58613663
33 39 -40.1863264
34 39 -5234.32641
35 39 -22530.4511
36 39 -3232.13492
37 39 -100.139723
38 39 -16.1878703
39 39 134.056618
40 39 18650.286
41 39 47171.0598
42 39 -8264.92369
43 39 12.823478
44 39 3.3147935
45 39 -17.5700778
46 39 -1442.01266
47 39 -9803.95387
48 39 -200.158794
49 39 3.84093336
50 39 0.433330386
51 39 -5.04527383
52 39 -884.191351
53 39 -1297.39645
54 39 157.186938
55 39 1.73160288
56 39 0.143400161
57 39 -2.20050029
58 39 -0.854227246
59 39 2.62159017
60 39 -0.434155532
61 39 1.63358463
62 39 0.0939278849
63 39 -2.0295726
64 39 -0.710817085
65 39 2.15154826
66 39 -0.46120007
67 39 1.05243596
68 39 -0.13792972
69 39 -1.29985378
70 39 -0.4391633
71 39 1.54680651
72 39 -0.427551251
1 40 711.147273
2 40 -3982.01127
3 40 -1192.10981
4 40 -2392724.94
5 40 -1102760.58
6 40 2120209.72
7 40 776.819681
8 40 -4853.03037
9 40 -1324.41125
10 40 -2573969.66
11 40 -937736.258
12 40 2659849.57
13 40 2003.20997
14 40 -6963.07822
15 40 -3386.16136
16 40 -6967041.32
17 40 -7316903.63
18 40 4921528.23
19 40 1630.91535
20 40 -8043.79641
21 40 -3549.65465
22 40 -9526697.58
23 40 -7458470.66
24 40 7764217.69
25 40 1111.60374
26 40 -13039.6768
27 40 -2243.72998
28 40 -15437220.3
29 40 -6970660.52
30 40 13669332.3
31 40 -13310.5757
32 40 -49611.3019
33 40 -4696.97198
34 40 -86146832.4
35 40 5035760.4
36 40 69488383.1
37 40 6994.97866
38 40 110298.43
39 40 18650.286
40 40 148675736
41 40 23017107.2
42 40 -129367727
43 40 -3030.24688
44 40 -17871.4361
45 40 -1729.59588
46 40 -20066604.4
47 40 -867382.601
48 40 23306844.8
49 40 -113.844187
50 40 -1827.32948
51 40 -1073.53804
52 40 -3988741.89
53 40 -1675678.66
54 40 2770350.16
55 40 -1.45205268
56 40 5.35951297
57 40 -1.0580824
58 40 -4.29999096
59 40 -0.167452367
60 40 5.24434039
61 40 -1.34740576
62 40 4.512134
63 40 -0.966530458
64 40 -3.77555519
65 40 -0.171257631
66 40 4.60634884
67 40 -1.04810102
68 40 3.30774129
69 40 -0.672124543
70 40 -2.76680542
71 40 -0.144941341
72 40 3.55092517
1 41 -65.8480568
2 41 -887.741204
3 41 -150.319022
4 41 -631592.836
5 41 -21799.4884
6 41 663003.441
7 41 722.72395
8 41 -1082.11482
9 41 -664.784571
10 41 -664311.702
11 41 -1018349.38
12 41 82883.5222
13 41 795.846032
14 41 -5413.39631
15 41 -1887.32992
16 41 -5139293.78
17 41 -559850.529
18 41 7766332.75
19 41 2533.9392
20 41 -5823.30606
21 41 -3998.22864
22 41 -7109034.16
23 41 -5584803.45
24 41 7679378.72
25 41 7133.28486
26 41 -5469.00182
27 41 -9335.86014
28 41 -11318584.7
29 41 -16116118.1
30 41 7113331.65
31 41 29771.4399
32 41 15066.7235
33 41 -22622.4125
34 41 2646946.87
35 41 -59245296.3
36 41 -37621481.9
37 41 -51346.2142
38 41 1269.94503
39 41 47171.0598
40 41 23017107.2
41 41 105099453
42 41 20467947.5
43 41 11137.477
44 41 3977.53182
45 41 -9819.61563
46 41 74332.2833
47 41 -22205855.7
48 41 -7767103.32
49 41 1287.58455
50 41 167.765329
51 41 -1171.44144
52 41 -865141.464
53 41 -3222223.72
54 41 -1645263.76
55 41 -3.03090396
56 41 1.6795732
57 41 2.55848567
58 41 -0.221121477
59 41 -4.41505361
60 41 2.71221484
61 41 -2.66742009
62 41 1.57442084
63 41 2.15761845
64 41 -0.220817705
65 41 -3.91550522
66 41 2.62949846
67 41 -1.91645098
68 41 1.25905754
69 41 1.57142474
70 41 -0.189955011
71 41 -2.90184122
72 41 2.08462818
1 42 -1021.60186
2 42 4823.94085
3 42 1246.91824
4 42 2365968.8
5 42 1208716.91
6 42 -2236337.73
7 42 -947.953216
8 42 6279.01906
9 42 1444.87258
10 42 2675060.72
11 42 614051.951
12 42 -3411614.74
13 42 -3601.48513
14 42 7382.10391
15 42 5168.99118
16 42 6869914.22
17 42 11542758.8
18 42 -2574071.57
19 42 -2611.41949
20 42 8260.08036
21 42 4376.2201
22 42 8681606.07
23 42 8883636.21
24 42 -7747162.96
25 42 -1093.57244
26 42 14448.1442
27 42 39.966519
28 42 12022108.6
29 42 2394473.15
30 42 -16122960.2
31 42 28063.0936
32 42 68935.0635
33 42 -3527.2033
34 42 68369872.9
35 42 -38601920.6
36 42 -124473197
37 42 -22009.6889
38 42 -142347.722
39 42 -8264.92369
40 42 -129367727
41 42 20467947.5
42 42 204479451
43 42 6713.97008
44 42 25825.0499
45 42 7.53390271
46 42 23480792.3
47 42 -7589762.76
48 42 -41831486.6
49 42 933.19173
50 42 2153.96882
51 42 396.951184
52 42 3410899.66
53 42 -949412.911
54 42 -4403503.04
55 42 3.1862794
56 42 -7.42161809
57 42 0.0748990987
58 42 5.26085155
59 42 2.25447299
60 42 -7.9777646
61 42 2.9634653
62 42 -6.41481547
63 42 0.114178725
64 42 4.61004856
65 42 2.08173873
66 42 -7.14573499
67 42 2.28143489
68 42 -4.96653905
69 42 0.107202652
70 42 3.5520733
71 42 1.5693555
72 42 -5.72480195
1 43 -3.15467312
2 43 5.07345821
3 43 2.48752616
4 43 530.176488
5 43 -417.683408
6 43 -1021.40277
7 43 -4.46054995
8 43 5.76510098
9 43 3.39283984
10 43 600.134199
11 43 297.233093
12 43 -622.239208
13 43 -5.87289042
14 43 6.87938263
15 43 4.24073532
16 43 1475.14991
17 43 1141.74204
18 43 -700.730229
19 43 -7.22974651
20 43 6.70444914
21 43 4.96130338
22 43 1505.24962
23 43 1633.73811
24 43 -986.387316
25 43 -10.3830497
26 43 7.51380052
27 43 7.05110279
28 43 851.842052
29 43 3306.42518
30 43 -1339.67915
31 43 -13.1055198
32 43 12.7167784
33 43 9.04142582
34 43 3080.59836
35 43 3974.94303
36 43 -5860.24073
37 43 -22.6742987
38 43 8.09589584
39 43 12.823478
40 43 -3030.24688
41 43 11137.477
42 43 6713.97008
43 43 111.147527
44 43 -71.3545552
45 43 -60.6381409
46 43 -3591.88948
47 43 -23659.0921
48 43 1157.70655
49 43 -8.4618969
50 43 4.59623519
51 43 4.70843445
52 43 -1599.72701
53 43 3793.90267
54 43 4058.97417
55 43 -3.08980357
56 43 2.96396743
57 43 1.75018099
58 43 -1.50559859
59 43 -3.23523998
60 43 3.60214556
61 43 -2.89016425
62 43 2.73476495
63 43 1.50176807
64 43 -1.33539979
65 43 -2.82288807
66 43 3.32113363
67 43 -1.68000413
68 43 1.68755979
69 43 0.923664565
70 43 -0.868504032
71 43 -1.7052771
72 43 2.21044923
1 44 4.70861401
2 44 -22.0251573
3 44 -4.128093
4 44 -4070.55302
5 44 -3019.64708
6 44 3989.74765
7 44 5.38097276
8 44 -25.1536249
9 44 -4.6165322
10 44 -5805.02771
11 44 -3790.77833
12 44 6049.91219
13 44 5.3578167
14 44 -24.0466742
15 44 -1.87964032
16 44 -3743.5471
17 44 -1937.18004
18 44 4791.82525
19 44 4.9024885
20 44 -25.3638007
21 44 -0.0911032646
22 44 -2729.44605
23 44 -1034.84365
24 44 3647.26068
25 44 4.94410727
26 44 -30.2622495
27 44 1.507557
28 44 -3321.53337
29 44 287.407571
30 44 3697.48995
31 44 11.6506599
32 44 -37.1252978
33 44 -1.68932496
34 44 -5144.12724
35 44 -8985.61054
36 44 -611.255532
37 44 6.69723545
38 44 -61.1416667
39 44 3.3147935
40 44 -17871.4361
41 44 3977.53182
42 44 25825.0499
43 44 -71.3545552
44 44 320.160395
45 44 -7.992425
46 44 47810.5023
47 44 12635.1083
48 44 -57295.7277
49 44 4.19084612
50 44 -21.3051981
51 44 1.73770243
52 44 -4020.4977
53 44 2851.61234
54 44 6713.41917
55 44 3.10357156
56 44 -9.48195223
57 44 0.554880599
58 44 5.98503522
59 44 1.72138629
60 44 -8.34576529
61 44 2.95921112
62 44 -8.29946999
63 44 0.5747772
64 44 5.08530154
65 44 1.55096575
66 44 -7.23463335
67 44 1.90376697
68 44 -5.53539888
69 44 0.309120788
70 44 3.23932956
71 44 1.03548128
72 44 -4.93468996
1 45 1.6851209
2 45 0.456041896
3 45 -2.9131297
4 45 -1064.97564
5 45 24.3982919
6 45 1093.81062
7 45 2.50398069
8 45 -0.239049727
9 45 -4.17813995
10 45 -1933.69008
11 45 -823.174375
12 45 1672.44688
13 45 3.36324493
14 45 -0.0452934194
15 45 -5.27136577
16 45 -1325.68325
17 45 -842.055835
18 45 683.432244
19 45 4.51518319
20 45 0.992208672
21 45 -6.4437465
22 45 -138.605011
23 45 -797.072485
24 45 -168.344532
25 45 6.988289
26 45 1.54385025
27 45 -9.06452499
28 45 320.405724
29 45 -2208.89289
30 45 106.364455
31 45 9.25865063
32 45 -0.535639468
33 45 -14.034355
34 45 -4487.53929
35 45 -7530.81497
36 45 4705.82601
37 45 12.6174675
38 45 3.74170693
39 45 -17.5700778
40 45 -1729.59588
41 45 -9819.61563
42 45 7.53390271
43 45 -60.6381409
44 45 -7.992425
45 45 81.3224034
46 45 10968.0487
47 45 22787.3362
48 45 -9043.21885
49 45 4.68230348
50 45 0.712560776
51 45 -6.28005326
52 45 -724.266672
53 45 -1832.97783
54 45 172.812974
55 45 1.85213994
56 45 0.217326568
57 45 -2.38557027
58 45 -0.960681034
59 45 2.88577483
60 45 -0.422727915
61 45 1.64578937
62 45 0.110002955
63 45 -2.09749627
64 45 -0.83684612
65 45 2.46133567
66 45 -0.480537025
67 45 1.04831307
68 45 -0.0976378819
69 45 -1.3146105
70 45 -0.470170645
71 45 1.56091657
72 45 -0.400374314
1 46 825.788078
2 46 -3672.5575
3 46 -1960.99787
4 46 -2898803.44
5 46 -1961846.2
6 46 2382993.98
7 46 810.995489
8 46 -5312.43315
9 46 -2848.01604
10 46 -5029645.09
11 46 -3000005.4
12 46 4688538.17
13 46 1248.01762
14 46 -3737.46174
15 46 -1246.29163
16 46 -2939819.84
17 46 -2235812.76
18 46 3848415.93
19 46 1277.41865
20 46 -2735.61008
21 46 2.80752155
22 46 -1455581.83
23 46 -1413141.14
24 46 2155611.18
25 46 -52.7381723
26 46 -3300.01844
27 46 784.941146
28 46 -2144974.68
29 46 79549.062
30 46 1587509.54
31 46 3597.45074
32 46 -4376.03675
33 46 -4789.46265
34 46 -8550459.19
35 46 -12420384.1
36 46 -969558.608
37 46 -3945.40256
38 46 -17788.3268
39 46 -1442.01266
40 46 -20066604.4
41 46 74332.2833
42 46 23480792.3
43 46 -3591.88948
44 46 47810.5023
45 46 10968.0487
46 46 49479020
47 46 18265227.9
48 46 -48105386.9
49 46 -2414.57303
50 46 -4430.4437
51 46 -176.231387
52 46 -6431803.47
53 46 3041931.54
54 46 9223878.37
55 46 -1.61781492
56 46 5.91583374
57 46 -1.09608701
58 46 -4.73206989
59 46 -0.256508504
60 46 5.82235955
61 46 -1.56526986
62 46 5.17369208
63 46 -1.05064901
64 46 -4.13712886
65 46 -0.25180139
66 46 5.114807
67 46 -1.08649218
68 46 3.35748077
69 46 -0.655899806
70 46 -2.79788956
71 46 -0.188491943
72 46 3.61634833
1 47 -551.412078
2 47 -1633.17384
3 47 -67.1766197
4 47 -1271037.93
5 47 298733.078
6 47 1660298.24
7 47 138.167751
8 47 -2264.87285
9 47 -961.444555
10 47 -2289183.12
11 47 -1284081.76
12 47 1924839.08
13 47 858.379032
14 47 -2188.55626
15 47 -1222.13774
16 47 -2467786.49
17 47 -1762556.97
18 47 997855.471
19 47 1556.12305
20 47 -1382.2711
21 47 -982.463418
22 47 -1376282.17
23 47 -1225749.91
24 47 461486.025
25 47 3307.51932
26 47 -825.526682
27 47 -2089.57827
28 47 -633858.136
29 47 -3027032.08
30 47 1041887.41
31 47 4312.15184
32 47 -8083.81506
33 47 -7003.12355
34 47 -10721306.3
35 47 -11466231
36 47 12375152.6
37 47 11079.0601
38 47 3192.32223
39 47 -9803.95387
40 47 -867382.601
41 47 -22205855.7
42 47 -7589762.76
43 47 -23659.0921
44 47 12635.1083
45 47 22787.3362
46 47 18265227.9
47 47 46568132.6
48 47 -5955907.17
49 47 3483.02284
50 47 1769.92436
51 47 -2203.0983
52 47 1114244.88
53 47 -7085571.71
54 47 -6575064.11
55 47 -3.34962152
56 47 1.90452911
57 47 2.83983123
58 47 -0.294958633
59 47 -4.9177343
60 47 3.03187639
61 47 -3.09531824
62 47 1.85123093
63 47 2.486542
64 47 -0.288824314
65 47 -4.34349588
66 47 2.91931695
67 47 -1.96965595
68 47 1.31673159
69 47 1.59946485
70 47 -0.218059125
71 47 -2.96939394
72 47 2.16827592
1 48 -1211.5734
2 48 4133.26626
3 48 2207.73028
4 48 2877198.42
5 48 2380326.4
6 48 -2225454.85
7 48 -864.253137
8 48 6042.56188
9 48 2973.25478
10 48 5193199.47
11 48 2986654.08
12 48 -5018281.16
13 48 -306.726374
14 48 4593.73348
15 48 754.293483
16 48 3447725.81
17 48 547695.687
18 48 -3524846.73
19 48 -690.076252
20 48 3638.45556
21 48 -184.081951
22 48 2012736.79
23 48 375734.584
24 48 -1914499.68
25 48 -848.294783
26 48 3847.26904
27 48 -365.128418
28 48 1791231.05
29 48 758933.691
30 48 -2620938.77
31 48 -6359.88836
32 48 256.499999
33 48 5672.19918
34 48 1711661.1
35 48 14989844.7
36 48 4622599.88
37 48 7108.28518
38 48 25422.8466
39 48 -200.158794
40 48 23306844.8
41 48 -7767103.32
42 48 -41831486.6
43 48 1157.70655
44 48 -57295.7277
45 48 -9043.21885
46 48 -48105386.9
47 48 -5955907.17
48 48 69634363.8
49 48 4707.99044
50 48 6538.45779
51 48 -807.18397
52 48 7747342.3
53 48 -8767127.08
54 48 -15532176.9
55 48 3.63043892
56 48 -8.26634863
57 48 -0.0816150492
58 48 5.83704343
59 48 2.72598841
60 48 -8.93374689
61 48 3.49863648
62 48 -7.36163475
63 48 -0.01621243
64 48 5.11597543
65 48 2.4924688
66 48 -8.0138829
67 48 2.43114773
68 48 -5.1082199
69 48 0.0112801511
70 48 3.61288409
71 48 1.77082019
72 48 -5.93375768
1 49 -2.67167864
2 49 3.40666046
3 49 2.16994144
4 49 205.394356
5 49 -4.67217586
6 49 -261.015834
7 49 -2.6306336
8 49 3.00830241
9 49 2.104624
10 49 85.5032412
11 49 18.9048888
12 49 -103.732182
13 49 -3.09887159
14 49 3.17475601
15 49 2.33883767
16 49 93.2392035
17 49 80.6691343
18 49 -131.842621
19 49 -3.45962175
20 49 3.81518706
21 49 2.83768062
22 49 209.14952
23 49 335.021031
24 49 -351.196878
25 49 -3.49656529
26 49 3.51860269
27 49 2.64868152
28 49 69.6708721
29 49 180.940138
30 49 -146.25533
31 49 -3.41695047
32 49 4.46141409
33 49 2.98227298
34 49 1140.38946
35 49 -809.101944
36 49 -2221.71423
37 49 -6.31617173
38 49 5.04032203
39 49 3.84093336
40 49 -113.844187
41 49 1287.58455
42 49 933.19173
43 49 -8.4618969
44 49 4.19084612
45 49 4.68230348
46 49 -2414.57303
47 49 3483.02284
48 49 4707.99044
49 49 71.2139754
50 49 -41.3756659
51 49 -46.4530818
52 49 551.328603
53 49 -4259.24253
54 49 -2156.29936
55 49 -4.82825726
56 49 5.42356766
57 49 3.23994492
58 49 -1.45389449
59 49 -3.0611503
60 49 3.5126006
61 49 -3.98143933
62 49 4.32367631
63 49 2.36976701
64 49 -1.35237815
65 49 -2.79748034
66 49 3.35232676
67 49 -2.40633087
68 49 2.61165561
69 49 1.4796752
70 49 -0.885617637
71 49 -1.69252522
72 49 2.2446216
1 50 2.25628323
2 50 -13.2956913
3 50 -0.599698184
4 50 -699.635422
5 50 -259.755288
6 50 957.649529
7 50 2.16622971
8 50 -11.106272
9 50 -0.252957742
10 50 -214.447811
11 50 -90.7757789
12 50 266.187318
13 50 2.37164556
14 50 -11.0843642
15 50 -0.087480204
16 50 -215.583052
17 50 -73.7604412
18 50 271.107939
19 50 2.83021489
20 50 -14.1494106
21 50 -0.16616942
22 50 -704.977704
23 50 -164.277848
24 50 976.086372
25 50 2.91431639
26 50 -12.5580061
27 50 0.0548032514
28 50 -228.073536
29 50 -46.452622
30 50 289.497998
31 50 3.91485943
32 50 -13.5486692
33 50 -0.274029483
34 50 -698.209497
35 50 -1747.82257
36 50 -765.726867
37 50 4.66622737
38 50 -17.139385
39 50 0.433330386
40 50 -1827.32948
41 50 167.765329
42 50 2153.96882
43 50 4.59623519
44 50 -21.3051981
45 50 0.712560776
46 50 -4430.4437
47 50 1769.92436
48 50 6538.45779
49 50 -41.3756659
50 50 270.055993
51 50 -10.4138643
52 50 9652.84939
53 50 483.055721
54 50 -11754.8682
55 50 5.80399295
56 50 -28.5502035
57 50 0.881266116
58 50 4.58277533
59 50 1.71436987
60 50 -6.38827544
61 50 4.89606414
62 50 -21.704561
63 50 0.817166576
64 50 4.33005456
65 50 1.60541439
66 50 -6.10567405
67 50 3.20801542
68 50 -14.5689446
69 50 0.503738015
70 50 2.77489154
71 50 1.07864312
72 50 -4.23291635
1 51 1.75477076
2 51 1.46532236
3 51 -2.39916107
4 51 -9.09080942
5 51 89.089051
6 51 -10.0241305
7 51 1.78245384
8 51 1.27468376
9 51 -2.44191332
10 51 -1.22117662
11 51 18.1251732
12 51 -6.09948063
13 51 2.07520581
14 51 1.09140382
15 51 -2.68514798
16 51 -8.54435201
17 51 -55.348364
18 51 22.5457597
19 51 2.60654854
20 51 0.888086436
21 51 -3.47107789
22 51 -12.1475317
23 51 -369.470719
24 51 95.804569
25 51 2.45284181
26 51 0.9329011
27 51 -3.25378462
28 51 22.5866748
29 51 -174.620029
30 51 31.5041182
31 51 2.63048656
32 51 0.364494248
33 51 -4.06005407
34 51 -1468.14214
35 51 -565.793113
36 51 1302.09884
37 51 3.5353667
38 51 1.05301433
39 51 -5.04527383
40 51 -1073.53804
41 51 -1171.44144
42 51 396.951184
43 51 4.70843445
44 51 1.73770243
45 51 -6.28005326
46 51 -176.231387
47 51 -2203.0983
48 51 -807.18397
49 51 -46.4530818
50 51 -10.4138643
51 51 66.1274758
52 51 2698.59313
53 51 4025.14612
54 51 -1034.38432
55 51 3.32272173
56 51 0.417097677
57 51 -4.55901651
58 51 -0.950865732
59 51 2.5303156
60 51 -0.365551862
61 51 2.50925979
62 51 0.133840662
63 51 -3.46887294
64 51 -0.854309642
65 51 2.28839793
66 51 -0.427373252
67 51 1.61350259
68 51 -0.151883692
69 51 -2.21325969
70 51 -0.481761864
71 51 1.45530558
72 51 -0.361629654
1 52 156.767438
2 52 -691.659703
3 52 -107.338723
4 52 -176223.918
5 52 -71278.8702
6 52 246656.631
7 52 68.7826339
8 52 -212.886761
9 52 -26.1640612
10 52 -43267.2629
11 52 -19878.3635
12 52 54549.9613
13 52 49.5287913
14 52 -205.783941
15 52 -0.0340996678
16 52 -42423.8795
17 52 -9963.51123
18 52 51594.4004
19 52 82.3282773
20 52 -676.15524
21 52 40.9997496
22 52 -176849.514
23 52 -7402.04182
24 52 238340.964
25 52 21.3682884
26 52 -218.083567
27 52 46.00063
28 52 -47597.6272
29 52 6135.82249
30 52 52845.6016
31 52 689.344502
32 52 -832.353788
33 52 -1168.75833
34 52 -2731515.75
35 52 -3075061.78
36 52 63625.2729
37 52 -436.108406
38 52 -1906.99444
39 52 -884.191351
40 52 -3988741.89
41 52 -865141.464
42 52 3410899.66
43 52 -1599.72701
44 52 -4020.4977
45 52 -724.266672
46 52 -6431803.47
47 52 1114244.88
48 52 7747342.3
49 52 551.328603
50 52 9652.84939
51 52 2698.59313
52 52 13729281.9
53 52 2950458.07
54 52 -12279990.6
55 52 -1.45836117
56 52 4.53208983
57 52 -1.00269103
58 52 -4.9261007
59 52 -0.317415214
60 52 6.10412917
61 52 -1.48980774
62 52 4.44054194
63 52 -0.995191552
64 52 -4.24901747
65 52 -0.301640369
66 52 5.291269
67 52 -1.03906432
68 52 2.9082898
69 52 -0.617352823
70 52 -2.86871002
71 52 -0.224821815
72 52 3.73542806
1 53 -37.2165673
2 53 -193.92506
3 53 59.8340714
4 53 -52129.0279
5 53 17478.101
6 53 63621.4964
7 53 8.08691963
8 53 -78.5867087
9 53 8.66870711
10 53 -16809.1264
11 53 -411.351914
12 53 18897.6438
13 53 76.8393059
14 53 -111.075333
15 53 -54.8582072
16 53 -19940.2027
17 53 -28222.0875
18 53 30221.1564
19 53 331.069175
20 53 -295.692959
21 53 -359.290907
22 53 -55849.2906
23 53 -207894.836
24 53 117583.016
25 53 182.37453
26 53 -95.4688296
27 53 -166.23174
28 53 -8450.85294
29 53 -74043.7021
30 53 34370.2559
31 53 -1068.5131
32 53 -2180.2049
33 53 -814.961061
34 53 -4191272.31
35 53 948957.395
36 53 5366107.58
37 53 1108.09192
38 53 -155.415019
39 53 -1297.39645
40 53 -1675678.66
41 53 -3222223.72
42 53 -949412.911
43 53 3793.90267
44 53 2851.61234
45 53 -1832.97783
46 53 3041931.54
47 53 -7085571.71
48 53 -8767127.08
49 53 -4259.24253
50 53 483.055721
51 53 4025.14612
52 53 2950458.07
53 53 9479690.26
54 53 3904399.87
55 53 -3.11302962
56 53 1.7996978
57 53 2.50272292
58 53 -0.349635726
59 53 -5.10382141
60 53 3.18460835
61 53 -3.01836269
62 53 1.822664
63 53 2.33179967
64 53 -0.333386582
65 53 -4.47369305
66 53 3.04730224
67 53 -1.92430766
68 53 1.30166728
69 53 1.50698213
70 53 -0.248462597
71 53 -3.05650404
72 53 2.26087105
1 54 -179.855861
2 54 984.915899
3 54 105.977063
4 54 256420.473
5 54 83261.9052
6 54 -353602.122
7 54 -84.2515132
8 54 279.579196
9 54 22.7501295
10 54 57543.0444
11 54 22573.78
12 54 -71295.2894
13 54 -96.0028708
14 54 290.4973
15 54 20.9195924
16 54 57937.2155
17 54 23904.046
18 54 -74944.1325
19 54 -236.462114
20 54 1015.02565
21 54 75.2921979
22 54 257841.105
23 54 84219.9194
24 54 -368125.355
25 54 -114.687003
26 54 306.34472
27 54 19.9239371
28 54 58846.843
29 54 26610.8961
30 54 -81961.288
31 54 -1900.43571
32 54 -850.086039
33 54 824.002379
34 54 -627329.608
35 54 4130539.09
36 54 4351098.06
37 54 1071.65736
38 54 1923.06227
39 54 157.186938
40 54 2770350.16
41 54 -1645263.76
42 54 -4403503.04
43 54 4058.97417
44 54 6713.41917
45 54 172.812974
46 54 9223878.37
47 54 -6575064.11
48 54 -15532176.9
49 54 -2156.29936
50 54 -11754.8682
51 54 -1034.38432
52 54 -12279990.6
53 54 3904399.87
54 54 16952062.9
55 54 3.48546477
56 54 -6.36841241
57 54 -0.236392457
58 54 6.13138188
59 54 3.03234719
60 54 -9.48616587
61 54 3.4827897
62 54 -6.29674082
63 54 -0.153496217
64 54 5.30325253
65 54 2.75406682
66 54 -8.42325665
67 54 2.42576199
68 54 -4.45511971
69 54 -0.0860941939
70 54 3.73839313
71 54 1.9575451
72 54 -6.22790693
1 55 -1.62754562
2 55 1.79477666
3 55 1.50092669
4 55 -1.13627233
5 55 -2.46908405
6 55 1.93453608
7 55 -1.82595545
8 55 2.02343823
9 55 1.61110591
10 55 -1.23151818
11 55 -2.67546829
12 55 2.18398216
13 55 -1.73933113
14 55 1.80814811
15 55 1.45002427
16 55 -1.08091926
17 55 -2.44592883
18 55 1.9570105
19 55 -1.97355755
20 55 2.21965178
21 55 1.60232608
22 55 -1.28809603
23 55 -2.7653132
24 55 2.46932301
25 55 -2.06827799
26 55 2.33283603
27 55 1.59853203
28 55 -1.32149729
29 55 -2.82264097
30 55 2.63845931
31 55 -2.28648564
32 55 2.44318107
33 55 1.70737699
34 55 -1.37046568
35 55 -2.8223525
36 55 2.83114502
37 55 -2.78814327
38 55 2.75793307
39 55 1.73160288
40 55 -1.45205268
41 55 -3.03090396
42 55 3.1862794
43 55 -3.08980357
44 55 3.10357156
45 55 1.85213994
46 55 -1.61781492
47 55 -3.34962152
48 55 3.63043892
49 55 -4.82825726
50 55 5.80399295
51 55 3.32272173
52 55 -1.45836117
53 55 -3.11302962
54 55 3.48546477
55 55 251.043967
56 55 2.99045442
57 55 -144.652957
58 55 -11.5713879
59 55 -88.7670192
60 55 20.7708777
61 55 -42.3005704
62 55 -11.5400776
63 55 22.7497365
64 55 24.1663352
65 55 80.8198423
66 55 -58.7785206
67 55 -32.8768892
68 55 -13.7389595
69 55 17.5390793
70 55 -1.36949907
71 55 12.85506
72 55 3.30057989
1 56 1.11543955
2 56 -7.42708742
3 56 -0.300264953
4 56 5.02989453
5 56 1.09576518
6 56 -6.68256188
7 56 1.40128484
8 56 -7.95384791
9 56 -0.250227576
10 56 5.36464152
11 56 1.24258021
12 56 -7.12085097
13 56 1.3522415
14 56 -6.91818086
15 56 -0.154638012
16 56 4.67434641
17 56 1.12053577
18 56 -6.00298436
19 56 1.77516254
20 56 -8.07709218
21 56 -0.148446576
22 56 5.43745725
23 56 1.40686976
24 56 -7.34254549
25 56 1.99149726
26 56 -8.15393344
27 56 -0.0912626696
28 56 5.48408489
29 56 1.50236725
30 56 -7.48385069
31 56 2.15143758
32 56 -8.72675833
33 56 -0.0523852812
34 56 5.41107734
35 56 1.58502468
36 56 -7.50559115
37 56 2.54752851
38 56 -8.74508942
39 56 0.143400161
40 56 5.35951297
41 56 1.6795732
42 56 -7.42161809
43 56 2.96396743
44 56 -9.48195223
45 56 0.217326568
46 56 5.91583374
47 56 1.90452911
48 56 -8.26634863
49 56 5.42356766
50 56 -28.5502035
51 56 0.417097677
52 56 4.53208983
53 56 1.7996978
54 56 -6.36841241
55 56 2.99045442
56 56 802.959635
57 56 14.2066685
58 56 158.384027
59 56 10.2522784
60 56 -190.576138
61 56 -9.65588506
62 56 -180.128235
63 56 -0.0421559478
64 56 -154.800234
65 56 -20.7715273
66 56 193.125781
67 56 -10.4319254
68 56 -140.358618
69 56 -0.433892187
70 56 -29.2073667
71 56 1.5758197
72 56 39.5610081
1 57 1.26211517
2 57 1.03357156
3 57 -1.78230279
4 57 -0.980577793
5 57 2.40390277
6 57 0.778310916
7 57 1.35957624
8 57 1.01334822
9 57 -1.92248444
10 57 -1.02951402
11 57 2.56347296
12 57 0.698342337
13 57 1.24433901
14 57 0.797784743
15 57 -1.71231242
16 57 -0.884867145
17 57 2.25276738
18 57 0.476323223
19 57 1.37161445
20 57 0.834243683
21 57 -1.95664851
22 57 -1.00149687
23 57 2.59136043
24 57 0.473163418
25 57 1.38862497
26 57 0.733311368
27 57 -1.97746907
28 57 -0.986497401
29 57 2.61329572
30 57 0.344175817
31 57 1.53375748
32 57 0.630624509
33 57 -2.11039203
34 57 -0.957048889
35 57 2.58647287
36 57 0.19252247
37 57 1.58469605
38 57 0.653287511
39 57 -2.20050029
40 57 -1.0580824
41 57 2.55848567
42 57 0.0748990987
43 57 1.75018099
44 57 0.554880599
45 57 -2.38557027
46 57 -1.09608701
47 57 2.83983123
48 57 -0.0816150492
49 57 3.23994492
50 57 0.881266116
51 57 -4.55901651
52 57 -1.00269103
53 57 2.50272292
54 57 -0.236392457
55 57 -144.652957
56 57 14.2066685
57 57 203.97599
58 57 -14.4740876
59 57 82.0308397
60 57 1.31910957
61 57 22.6846711
62 57 -2.96846249
63 57 -33.4322755
64 57 30.2919831
65 57 -76.3619105
66 57 -1.08537368
67 57 17.3105688
68 57 -4.80768633
69 57 -25.8372914
70 57 0.0250895989
71 57 -11.7604278
72 57 0.444182271
1 58 -0.442511931
2 58 5.24489165
3 58 -0.414722593
4 58 -3.97860495
5 58 0.0564841589
6 58 4.94056334
7 58 -0.599500005
8 58 5.57033474
9 58 -0.491066864
10 58 -4.20657712
11 58 0.00513779063
12 58 5.19791944
13 58 -0.613336422
14 58 4.83140322
15 58 -0.477217754
16 58 -3.71377826
17 58 -0.0359182598
18 58 4.40942217
19 58 -0.842072186
20 58 5.6054546
21 58 -0.575081874
22 58 -4.25810214
23 58 -0.0979090754
24 58 5.29024776
25 58 -0.97994131
26 58 5.62988787
27 58 -0.62298309
28 58 -4.29146913
29 58 -0.156054748
30 58 5.35275569
31 58 -1.11218761
32 58 5.52573717
33 58 -0.680987596
34 58 -4.35615505
35 58 -0.198172729
36 58 5.44475214
37 58 -1.27742714
38 58 5.45737116
39 58 -0.854227246
40 58 -4.29999096
41 58 -0.221121477
42 58 5.26085155
43 58 -1.50559859
44 58 5.98503522
45 58 -0.960681034
46 58 -4.73206989
47 58 -0.294958633
48 58 5.83704343
49 58 -1.45389449
50 58 4.58277533
51 58 -0.950865732
52 58 -4.9261007
53 58 -0.349635726
54 58 6.13138188
55 58 -11.5713879
56 58 158.384027
57 58 -14.4740876
58 58 2960.11104
59 58 -147.21566
60 58 -3252.3796
61 58 -0.212451493
62 58 -37.5232581
63 58 1.43100064
64 58 -2885.63749
65 58 171.395595
66 58 3146.76795
67 58 -0.956329912
68 58 -26.9916623
69 58 0.235658724
70 58 -34.3483476
71 58 -0.304966216
72 58 40.1799258
1 59 -2.16575051
2 59 0.383959055
3 59 2.49208863
4 59 0.0620092645
5 59 -3.92569634
6 59 0.78112709
7 59 -2.36514697
8 59 0.561720812
9 59 2.65929935
10 59 0.0293157989
11 59 -4.17314765
12 59 1.03233136
13 59 -2.19813865
14 59 0.63063691
15 59 2.33417458
16 59 -0.0242750532
17 59 -3.70853
18 59 1.11169372
19 59 -2.48916749
20 59 0.846084826
21 59 2.68636707
22 59 -0.0371300222
23 59 -4.27465564
24 59 1.44301625
25 59 -2.57577751
26 59 1.00878183
27 59 2.70367715
28 59 -0.0750941438
29 59 -4.34237188
30 59 1.68378916
31 59 -2.61742265
32 59 1.20565554
33 59 2.66279802
34 59 -0.135918583
35 59 -4.44765596
36 59 1.94668174
37 59 -2.86328295
38 59 1.40481121
39 59 2.62159017
40 59 -0.167452367
41 59 -4.41505361
42 59 2.25447299
43 59 -3.23523998
44 59 1.72138629
45 59 2.88577483
46 59 -0.256508504
47 59 -4.9177343
48 59 2.72598841
49 59 -3.0611503
50 59 1.71436987
51 59 2.5303156
52 59 -0.317415214
53 59 -5.10382141
54 59 3.03234719
55 59 -88.7670192
56 59 10.2522784
57 59 82.0308397
58 59 -147.21566
59 59 3021.4264
60 59 -1303.03823
61 59 16.5940384
62 59 0.823624935
63 59 -15.1728348
64 59 174.320754
65 59 -2913.25322
66 59 1319.3407
67 59 11.5820659
68 59 1.43550134
69 59 -10.7144835
70 59 -0.126722506
71 59 -34.0578638
72 59 15.7463936
1 60 1.61677355
2 60 -6.91132017
3 60 -0.702130394
4 60 4.90734256
5 60 1.98089101
6 60 -6.8614608
7 60 1.90970703
8 60 -7.351413
9 60 -0.693198867
10 60 5.17338195
11 60 2.16647332
12 60 -7.27466398
13 60 1.78988024
14 60 -6.18088513
15 60 -0.548305971
16 60 4.39673657
17 60 1.94592573
18 60 -6.02149593
19 60 2.28898831
20 60 -7.53701813
21 60 -0.610865996
22 60 5.26977397
23 60 2.3578646
24 60 -7.6086453
25 60 2.51261703
26 60 -7.64940443
27 60 -0.564782445
28 60 5.32976426
29 60 2.47139082
30 60 -7.81632853
31 60 2.73417479
32 60 -7.6480532
33 60 -0.507967307
34 60 5.43207633
35 60 2.57037776
36 60 -8.06660508
37 60 3.13982311
38 60 -7.53547394
39 60 -0.434155532
40 60 5.24434039
41 60 2.71221484
42 60 -7.9777646
43 60 3.60214556
44 60 -8.34576529
45 60 -0.422727915
46 60 5.82235955
47 60 3.03187639
48 60 -8.93374689
49 60 3.5126006
50 60 -6.38827544
51 60 -0.365551862
52 60 6.10412917
53 60 3.18460835
54 60 -9.48616587
55 60 20.7708777
56 60 -190.576138
57 60 1.31910957
58 60 -3252.3796
59 60 -1303.03823
60 60 4304.33166
61 60 2.32039365
62 60 50.0780102
63 60 -1.08713398
64 60 3151.74636
65 60 1229.38901
66 60 -4178.51921
67 60 3.94190657
68 60 36.6730243
69 60 -1.06836637
70 60 39.8241212
71 60 13.5157642
72 60 -56.41597
1 61 -1.91017479
2 61 1.92651854
3 61 1.70132162
4 61 -0.902014196
5 61 -1.2665752
6 61 1.78996288
7 61 -2.11585523
8 61 2.17335853
9 61 1.81023834
10 61 -0.997995852
11 61 -1.48065163
12 61 1.99795603
13 61 -1.81266416
14 61 1.78394615
15 61 1.53439854
16 61 -0.881332855
17 61 -1.34630096
18 61 1.78803327
19 61 -2.27287651
20 61 2.38388232
21 61 1.79626672
22 61 -1.04273954
23 61 -1.57171233
24 61 2.1954409
25 61 -2.0890634
26 61 2.36682316
27 61 1.48931557
28 61 -1.22552918
29 61 -2.46046432
30 61 2.44693019
31 61 -2.60023196
32 61 2.63295098
33 61 1.89701059
34 61 -1.10413543
35 61 -1.62459414
36 61 2.4553534
37 61 -2.85299655
38 61 2.81822465
39 61 1.63358463
40 61 -1.34740576
41 61 -2.66742009
42 61 2.9634653
43 61 -2.89016425
44 61 2.95921112
45 61 1.64578937
46 61 -1.56526986
47 61 -3.09531824
48 61 3.49863648
49 61 -3.98143933
50 61 4.89606414
51 61 2.50925979
52 61 -1.48980774
53 61 -3.01836269
54 61 3.4827897
55 61 -42.3005704
56 61 -9.65588506
57 61 22.6846711
58 61 -0.212451493
59 61 16.5940384
60 61 2.32039365
61 61 329.766197
62 61 41.5261901
63 61 -172.374565
64 61 23.6511806
65 61 -70.9037743
66 61 -69.4125221
67 61 -85.2286648
68 61 -58.599195
69 61 35.7423668
70 61 -12.6524287
71 61 44.5156953
72 61 33.237
1 62 1.10865147
2 62 -7.82027385
3 62 -0.442916356
4 62 2.39356362
5 62 0.943625828
6 62 -3.74590765
7 62 1.41216692
8 62 -8.33923132
9 62 -0.39323639
10 62 2.74028469
11 62 1.06158916
12 62 -4.2037394
13 62 1.24213942
14 62 -7.00841714
15 62 -0.301606328
16 62 2.21963953
17 62 0.932687222
18 62 -3.27190619
19 62 1.80730547
20 62 -8.45647757
21 62 -0.281021931
22 62 2.83045674
23 62 1.16217234
24 62 -4.44479048
25 62 1.9618485
26 62 -7.27971966
27 62 -0.1299486
28 62 4.63312482
29 62 1.4202487
30 62 -6.47725675
31 62 2.21078113
32 62 -9.10250428
33 62 -0.177955675
34 62 2.81848447
35 62 1.27699657
36 62 -4.6209713
37 62 2.52042611
38 62 -7.9525285
39 62 0.0939278849
40 62 4.512134
41 62 1.57442084
42 62 -6.41481547
43 62 2.73476495
44 62 -8.29946999
45 62 0.110002955
46 62 5.17369208
47 62 1.85123093
48 62 -7.36163475
49 62 4.32367631
50 62 -21.704561
51 62 0.133840662
52 62 4.44054194
53 62 1.822664
54 62 -6.29674082
55 62 -11.5400776
56 62 -180.128235
57 62 -2.96846249
58 62 -37.5232581
59 62 0.823624935
60 62 50.0780102
61 62 41.5261901
62 62 950.159306
63 62 20.8730431
64 62 121.421225
65 62 -23.0758447
66 62 -157.756134
67 62 -55.5045394
68 62 -267.444041
69 62 -9.19289015
70 62 -84.5501371
71 62 12.612577
72 62 122.90465
1 63 1.42380325
2 63 1.14495398
3 63 -1.90854756
4 63 -0.777197883
5 63 1.10524647
6 63 0.451915036
7 63 1.51405052
8 63 1.12523705
9 63 -2.04721026
10 63 -0.836257089
11 63 1.27424637
12 63 0.431589765
13 63 1.30915606
14 63 0.825350423
15 63 -1.74176139
16 63 -0.739536912
17 63 1.03677505
18 63 0.273771616
19 63 1.51660299
20 63 0.941976404
21 63 -2.08039374
22 63 -0.822864289
23 63 1.31427423
24 63 0.305738687
25 63 1.24074216
26 63 0.765922311
27 63 -1.78978863
28 63 -0.88603147
29 63 2.21407738
30 63 0.348163749
31 63 1.67099481
32 63 0.73855871
33 63 -2.23387713
34 63 -0.799194161
35 63 1.31533516
36 63 0.135779622
37 63 1.44249762
38 63 0.723790809
39 63 -2.0295726
40 63 -0.966530458
41 63 2.15761845
42 63 0.114178725
43 63 1.50176807
44 63 0.5747772
45 63 -2.09749627
46 63 -1.05064901
47 63 2.486542
48 63 -0.01621243
49 63 2.36976701
50 63 0.817166576
51 63 -3.46887294
52 63 -0.995191552
53 63 2.33179967
54 63 -0.153496217
55 63 22.7497365
56 63 -0.0421559478
57 63 -33.4322755
58 63 1.43100064
59 63 -15.1728348
60 63 -1.08713398
61 63 -172.374565
62 63 20.8730431
63 63 248.37346
64 63 22.8456084
65 63 60.0541371
66 63 -0.574689341
67 63 35.1474267
68 63 -13.1783061
69 63 -56.5810968
70 63 -7.96551773
71 63 -36.1121845
72 63 1.06100906
1 64 -0.565444402
2 64 2.3063346
3 64 -0.472199433
4 64 -6.76667836
5 64 0.0539057537
6 64 7.92893692
7 64 -0.651498885
8 64 2.64144632
9 64 -0.51999052
10 64 -6.95199805
11 64 -0.040168745
12 64 8.11987179
13 64 -0.629895841
14 64 2.1016841
15 64 -0.513844384
16 64 -6.43298397
17 64 -0.115796228
18 64 7.32134318
19 64 -0.77057169
20 64 2.70204929
21 64 -0.55761451
22 64 -6.95065033
23 64 -0.211173519
24 64 8.12710206
25 64 -0.834425889
26 64 4.61915348
27 64 -0.496407029
28 64 -3.75294307
29 64 -0.16660404
30 64 4.68505893
31 64 -0.914235673
32 64 2.64819946
33 64 -0.611065124
34 64 -6.99358382
35 64 -0.374944745
36 64 8.19474833
37 64 -1.09191682
38 64 4.46111055
39 64 -0.710817085
40 64 -3.77555519
41 64 -0.220817705
42 64 4.61004856
43 64 -1.33539979
44 64 5.08530154
45 64 -0.83684612
46 64 -4.13712886
47 64 -0.288824314
48 64 5.11597543
49 64 -1.35237815
50 64 4.33005456
51 64 -0.854309642
52 64 -4.24901747
53 64 -0.333386582
54 64 5.30325253
55 64 24.1663352
56 64 -154.800234
57 64 30.2919831
58 64 -2885.63749
59 64 174.320754
60 64 3151.74636
61 64 23.6511806
62 64 121.421225
63 64 22.8456084
64 64 3071.10189
65 64 -186.46137
66 64 -3351.77452
67 64 -11.6654447
68 64 -82.8574428
69 64 -7.2946188
70 64 -81.2676976
71 64 -0.568590346
72 64 96.8558024
1 65 -0.81557132
2 65 0.471637284
3 65 1.04879644
4 65 -0.0323124588
5 65 -6.81044154
6 65 0.147088267
7 65 -1.02024059
8 65 0.582503256
9 65 1.21986311
10 65 -0.0816024321
11 65 -7.00881424
12 65 0.520108987
13 65 -0.956248489
14 65 0.615304817
15 65 0.978372627
16 65 -0.142678177
17 65 -6.49587898
18 65 0.69775357
19 65 -1.1453637
20 65 0.742512594
21 65 1.25729687
22 65 -0.175152349
23 65 -7.04707131
24 65 1.13284103
25 65 -2.10892959
26 65 0.875810773
27 65 2.23061171
28 65 -0.0922279561
29 65 -3.83748094
30 65 1.56293701
31 65 -1.25382154
32 65 0.954982416
33 65 1.24339493
34 65 -0.315439307
35 65 -7.16151134
36 65 1.85115792
37 65 -2.37283444
38 65 1.21667033
39 65 2.15154826
40 65 -0.171257631
41 65 -3.91550522
42 65 2.08173873
43 65 -2.82288807
44 65 1.55096575
45 65 2.46133567
46 65 -0.25180139
47 65 -4.34349588
48 65 2.4924688
49 65 -2.79748034
50 65 1.60541439
51 65 2.28839793
52 65 -0.301640369
53 65 -4.47369305
54 65 2.75406682
55 65 80.8198423
56 65 -20.7715273
57 65 -76.3619105
58 65 171.395595
59 65 -2913.25322
60 65 1229.38901
61 65 -70.9037743
62 65 -23.0758447
63 65 60.0541371
64 65 -186.46137
65 65 3026.78501
66 65 -1317.73302
67 65 43.1737138
68 65 11.8457068
69 65 -35.3340997
70 65 -0.405374178
71 65 -80.2702591
72 65 16.0058944
1 66 1.49984371
2 66 -3.62369816
3 66 -0.382842936
4 66 7.89085947
5 66 2.28115261
6 66 -9.9580123
7 66 1.71633482
8 66 -4.0670669
9 66 -0.409070065
10 66 8.11367472
11 66 2.51249297
12 66 -10.3139381
13 66 1.60715832
14 66 -3.12647351
15 66 -0.295001847
16 66 7.34582187
17 66 2.29598467
18 66 -9.10031903
19 66 1.95355682
20 66 -4.25991933
21 66 -0.377894951
22 66 8.15445983
23 66 2.76982629
24 66 -10.5746587
25 66 2.2104233
26 66 -6.43167609
27 66 -0.579646249
28 66 4.67229316
29 66 2.40256235
30 66 -6.96702268
31 66 2.24767811
32 66 -4.37514871
33 66 -0.331254427
34 66 8.25988754
35 66 3.04461377
36 66 -10.9580691
37 66 2.78864175
38 66 -6.33225061
39 66 -0.46120007
40 66 4.60634884
41 66 2.62949846
42 66 -7.14573499
43 66 3.32113363
44 66 -7.23463335
45 66 -0.480537025
46 66 5.114807
47 66 2.91931695
48 66 -8.0138829
49 66 3.35232676
50 66 -6.10567405
51 66 -0.427373252
52 66 5.291269
53 66 3.04730224
54 66 -8.42325665
55 66 -58.7785206
56 66 193.125781
57 66 -1.08537368
58 66 3146.76795
59 66 1319.3407
60 66 -4178.51921
61 66 -69.4125221
62 66 -157.756134
63 66 -0.574689341
64 66 -3351.77452
65 66 -1317.73302
66 66 4423.92723
67 66 33.1554421
68 66 120.657136
69 66 -1.17751443
70 66 96.4159657
71 66 13.3700516
72 66 -143.860453
1 67 -1.40682159
2 67 1.46973954
3 67 1.28212791
4 67 -0.714523177
5 67 -0.838809777
6 67 1.52469698
7 67 -1.45586166
8 67 1.55003277
9 67 1.27315863
10 67 -0.731018454
11 67 -0.878057659
12 67 1.59371062
13 67 -1.33834745
14 67 1.29306157
15 67 1.10290443
16 67 -0.556951546
17 67 -0.628530051
18 67 1.26619612
19 67 -1.56209455
20 67 1.70512233
21 67 1.26127769
22 67 -0.765826832
23 67 -0.955359789
24 67 1.73869096
25 67 -1.33178114
26 67 1.62665624
27 67 0.939669542
28 67 -0.983480289
29 67 -1.87941344
30 67 2.00138595
31 67 -1.82409499
32 67 1.89460316
33 67 1.36589958
34 67 -0.810126775
35 67 -0.990081966
36 67 1.93289588
37 67 -1.59801773
38 67 1.80506462
39 67 1.05243596
40 67 -1.04810102
41 67 -1.91645098
42 67 2.28143489
43 67 -1.68000413
44 67 1.90376697
45 67 1.04831307
46 67 -1.08649218
47 67 -1.96965595
48 67 2.43114773
49 67 -2.40633087
50 67 3.20801542
51 67 1.61350259
52 67 -1.03906432
53 67 -1.92430766
54 67 2.42576199
55 67 -32.8768892
56 67 -10.4319254
57 67 17.3105688
58 67 -0.956329912
59 67 11.5820659
60 67 3.94190657
61 67 -85.2286648
62 67 -55.5045394
63 67 35.1474267
64 67 -11.6654447
65 67 43.1737138
66 67 33.1554421
67 67 290.112966
68 67 43.7648459
69 67 -150.261661
70 67 21.3165641
71 67 -68.7601504
72 67 -62.0018661
1 68 0.781809833
2 68 -5.95938756
3 68 -0.444550369
4 68 1.33975122
5 68 0.774484613
6 68 -2.41627965
7 68 0.936686698
8 68 -5.99000762
9 68 -0.400727261
10 68 1.37928729
11 68 0.806228617
12 68 -2.51716761
13 68 0.841078433
14 68 -5.0188174
15 68 -0.293486783
16 68 0.754698726
17 68 0.603937105
18 68 -1.48190215
19 68 1.2216431
20 68 -6.0758073
21 68 -0.322858164
22 68 1.45871171
23 68 0.870534791
24 68 -2.72349766
25 68 1.30082347
26 68 -4.82482576
27 68 -0.176711028
28 68 3.34338696
29 68 1.14291291
30 68 -4.82874354
31 68 1.50695358
32 68 -6.6844817
33 68 -0.26466693
34 68 1.43073095
35 68 0.946349381
36 68 -2.8541132
37 68 1.54301438
38 68 -5.46593227
39 68 -0.13792972
40 68 3.30774129
41 68 1.25905754
42 68 -4.96653905
43 68 1.68755979
44 68 -5.53539888
45 68 -0.0976378819
46 68 3.35748077
47 68 1.31673159
48 68 -5.1082199
49 68 2.61165561
50 68 -14.5689446
51 68 -0.151883692
52 68 2.9082898
53 68 1.30166728
54 68 -4.45511971
55 68 -13.7389595
56 68 -140.358618
57 68 -4.80768633
58 68 -26.9916623
59 68 1.43550134
60 68 36.6730243
61 68 -58.599195
62 68 -267.444041
63 68 -13.1783061
64 68 -82.8574428
65 68 11.8457068
66 68 120.657136
67 68 43.7648459
68 68 815.590496
69 68 16.3596811
70 68 118.608969
71 68 -21.7519775
72 68 -154.094141
1 69 1.05301907
2 69 0.867824116
3 69 -1.43922417
4 69 -0.644221893
5 69 0.597142369
6 69 0.329169691
7 69 1.04268653
8 69 0.791539691
9 69 -1.44735607
10 69 -0.64094251
11 69 0.614022073
12 69 0.292254237
13 69 0.926489238
14 69 0.595796392
15 69 -1.23914664
16 69 -0.509212269
17 69 0.323272721
18 69 0.150082999
19 69 1.03926722
20 69 0.65552025
21 69 -1.46737923
22 69 -0.636309756
23 69 0.649341436
24 69 0.220529844
25 69 0.746161226
26 69 0.503692558
27 69 -1.15641079
28 69 -0.700922434
29 69 1.58410677
30 69 0.29245978
31 69 1.17820954
32 69 0.514790561
33 69 -1.6055269
34 69 -0.624728672
35 69 0.640231483
36 69 0.114073016
37 69 0.89870842
38 69 0.388048983
39 69 -1.29985378
40 69 -0.672124543
41 69 1.57142474
42 69 0.107202652
43 69 0.923664565
44 69 0.309120788
45 69 -1.3146105
46 69 -0.655899806
47 69 1.59946485
48 69 0.0112801511
49 69 1.4796752
50 69 0.503738015
51 69 -2.21325969
52 69 -0.617352823
53 69 1.50698213
54 69 -0.0860941939
55 69 17.5390793
56 69 -0.433892187
57 69 -25.8372914
58 69 0.235658724
59 69 -10.7144835
60 69 -1.06836637
61 69 35.7423668
62 69 -9.19289015
63 69 -56.5810968
64 69 -7.2946188
65 69 -35.3340997
66 69 -1.17751443
67 69 -150.261661
68 69 16.3596811
69 69 213.382869
70 69 19.2576399
71 69 58.6317287
72 69 0.435413368
1 70 -0.517851637
2 70 1.09991121
3 70 -0.438310803
4 70 -6.26826407
5 70 0.0209928561
6 70 7.28911297
7 70 -0.544411264
8 70 1.12828364
9 70 -0.445754984
10 70 -6.24529493
11 70 -0.0679128723
12 70 7.25099674
13 70 -0.465711892
14 70 0.491118214
15 70 -0.406000576
16 70 -5.77940505
17 70 -0.131914318
18 70 6.50351369
19 70 -0.599990604
20 70 1.18680118
21 70 -0.461950442
22 70 -6.22932448
23 70 -0.221248196
24 70 7.23510946
25 70 -0.63138493
26 70 3.28850069
27 70 -0.372384867
28 70 -2.67432819
29 70 -0.129868916
30 70 3.40328994
31 70 -0.676638002
32 70 1.12816366
33 70 -0.49071251
34 70 -6.2550733
35 70 -0.367593121
36 70 7.27429225
37 70 -0.793558651
38 70 3.21247607
39 70 -0.4391633
40 70 -2.76680542
41 70 -0.189955011
42 70 3.5520733
43 70 -0.868504032
44 70 3.23932956
45 70 -0.470170645
46 70 -2.79788956
47 70 -0.218059125
48 70 3.61288409
49 70 -0.885617637
50 70 2.77489154
51 70 -0.481761864
52 70 -2.86871002
53 70 -0.248462597
54 70 3.73839313
55 70 -1.36949907
56 70 -29.2073667
57 70 0.0250895989
58 70 -34.3483476
59 70 -0.126722506
60 70 39.8241212
61 70 -12.6524287
62 70 -84.5501371
63 70 -7.96551773
64 70 -81.2676976
65 70 -0.405374178
66 70 96.4159657
67 70 21.3165641
68 70 118.608969
69 70 19.2576399
70 70 168.665918
71 70 -1.39918612
72 70 -195.218018
1 71 -0.351551912
2 71 0.401579078
3 71 0.46105759
4 71 -0.137011596
5 71 -6.31407136
6 71 0.0519248068
7 71 -0.403632338
8 71 0.44601536
9 71 0.479051114
10 71 -0.178726237
11 71 -6.30193271
12 71 0.353563418
13 71 -0.244675744
14 71 0.402523836
15 71 0.185101243
16 71 -0.232815151
17 71 -5.8295088
18 71 0.51087067
19 71 -0.506856385
20 71 0.536071301
21 71 0.513541731
22 71 -0.259792256
23 71 -6.31671913
24 71 0.899082356
25 71 -1.53778292
26 71 0.677372836
27 71 1.57802572
28 71 -0.0710603185
29 71 -2.75369325
30 71 1.20887923
31 71 -0.579600914
32 71 0.662289796
33 71 0.494990794
34 71 -0.381927188
35 71 -6.39974144
36 71 1.53281375
37 71 -1.61960449
38 71 0.912298221
39 71 1.54680651
40 71 -0.144941341
41 71 -2.90184122
42 71 1.5693555
43 71 -1.7052771
44 71 1.03548128
45 71 1.56091657
46 71 -0.188491943
47 71 -2.96939394
48 71 1.77082019
49 71 -1.69252522
50 71 1.07864312
51 71 1.45530558
52 71 -0.224821815
53 71 -3.05650404
54 71 1.9575451
55 71 12.85506
56 71 1.5758197
57 71 -11.7604278
58 71 -0.304966216
59 71 -34.0578638
60 71 13.5157642
61 71 44.5156953
62 71 12.612577
63 71 -36.1121845
64 71 -0.568590346
65 71 -80.2702591
66 71 13.3700516
67 71 -68.7601504
68 71 -21.7519775
69 71 58.6317287
70 71 -1.39918612
71 71 169.091341
72 71 -44.3237331
1 72 1.28620095
2 72 -2.12490577
3 72 -0.237333891
4 72 7.27773729
5 72 2.08526621
6 72 -9.09142146
7 72 1.36045617
8 72 -2.20619578
9 72 -0.23393889
10 72 7.27060108
11 72 2.20803769
12 72 -9.16478481
13 72 1.12883907
14 72 -1.16867039
15 72 -0.103119563
16 72 6.55723535
17 72 1.98621879
18 72 -8.00295352
19 72 1.51373993
20 72 -2.3704297
21 72 -0.227384608
22 72 7.29020635
23 72 2.43495285
24 72 -9.37057891
25 72 1.75135193
26 72 -4.73746234
27 72 -0.488595903
28 72 3.39936287
29 72 1.92246153
30 72 -5.30819888
31 72 1.71337082
32 72 -2.44875062
33 72 -0.207514282
34 72 7.36895783
35 72 2.6771422
36 72 -9.68571666
37 72 2.05452651
38 72 -4.82270192
39 72 -0.427551251
40 72 3.55092517
41 72 2.08462818
42 72 -5.72480195
43 72 2.21044923
44 72 -4.93468996
45 72 -0.400374314
46 72 3.61634833
47 72 2.16827592
48 72 -5.93375768
49 72 2.2446216
50 72 -4.23291635
51 72 -0.361629654
52 72 3.73542806
53 72 2.26087105
54 72 -6.22790693
55 72 3.30057989
56 72 39.5610081
57 72 0.444182271
58 72 40.1799258
59 72 15.7463936
60 72 -56.41597
61 72 33.237
62 72 122.90465
63 72 1.06100906
64 72 96.8558024
65 72 16.0058944
66 72 -143.860453
67 72 -62.0018661
68 72 -154.094141
69 72 0.435413368
70 72 -195.218018
71 72 -44.3237331
72 72 286.008587
